indiv000 -00.048586 000.170038 000.067773 000.134031 000.345569 000.234003 
indiv001 -00.027908 000.315444 000.129174 -00.218367 000.100252 000.208855 
indiv002 000.384417 000.057741 000.070556 -00.272186 -00.212887 -00.002213 
indiv003 -00.207850 000.493365 000.072922 000.172183 000.018427 000.035253 
indiv004 000.520458 -00.016485 000.022324 000.337013 000.070677 -00.033043 
indiv005 000.458128 000.182027 000.047065 000.181905 000.073685 000.057190 
indiv006 -00.150072 000.529447 000.114722 000.171870 -00.032561 -00.001329 
indiv007 -00.046079 000.160364 000.074449 -00.314518 -00.229633 000.174957 
indiv008 000.357902 000.133610 000.079313 -00.102347 -00.198735 -00.128093 
indiv009 000.131913 000.182733 000.084847 000.201615 -00.189099 -00.209794 
