indiv000 000.092741 000.293729 000.041873 000.186005 000.153042 000.232610 
indiv001 000.176402 000.211613 000.107079 000.313051 000.127672 -00.064182 
indiv002 000.067456 -00.019372 -00.030216 -00.525863 000.229328 000.127766 
indiv003 000.063497 -00.111657 000.021173 000.549508 000.244782 -00.009383 
indiv004 000.294310 000.090473 000.042053 -00.337145 000.234193 000.001826 
indiv005 000.049965 000.370038 000.013162 -00.382597 000.045085 000.139153 
indiv006 000.095952 000.198228 000.066126 000.338499 000.136379 000.164816 
indiv007 000.114511 000.357235 000.034655 -00.169395 000.274284 -00.049920 
indiv008 000.074451 000.396954 000.000420 000.269769 000.192759 000.065647 
indiv009 -00.011433 000.330739 000.063797 -00.107867 000.244689 -00.241475 
