indiv000 000.128907 -00.015676 000.015450 000.112231 -00.599762 000.127975 
indiv001 000.201325 -00.012085 000.056425 000.062519 -00.497147 000.170499 
indiv002 -00.098178 -00.017634 000.028205 000.227926 -00.459657 -00.168401 
indiv003 000.352141 000.047937 -00.003527 000.107194 -00.475089 000.014112 
indiv004 000.162019 000.001939 -00.008334 000.202046 -00.360036 000.265627 
indiv005 000.229557 000.068898 000.023793 -00.209467 -00.389026 000.079259 
indiv006 000.223308 000.060635 000.008243 -00.030022 -00.463167 000.214625 
indiv007 000.233554 000.002790 000.001651 000.302499 -00.112437 000.347068 
indiv008 000.266581 000.152593 000.009856 -00.038893 -00.431331 000.100747 
indiv009 000.147359 -00.017087 000.031085 000.216852 -00.434449 -00.153167 
