indiv000 000.246120 000.235793 000.084245 -00.341294 000.080488 000.012060 
indiv001 000.172757 000.141103 000.022611 000.128675 -00.440159 -00.094696 
indiv002 000.200260 000.194032 000.085969 000.021145 000.434250 000.064343 
indiv003 000.220570 000.046676 000.041586 000.417605 000.218456 000.055107 
indiv004 000.035260 000.119981 000.070277 -00.216480 000.469275 000.088727 
indiv005 000.187490 000.004041 000.010484 000.220003 000.466485 000.111496 
indiv006 000.280993 000.166258 000.023153 000.229711 000.157240 -00.142646 
indiv007 000.123753 000.038062 000.043326 000.286799 000.479222 000.028838 
indiv008 000.244486 -00.084794 000.015443 000.496596 -00.153634 -00.005046 
indiv009 000.147861 000.156753 000.031990 -00.193857 -00.404338 -00.065201 
