indiv000 000.128907 -00.015676 000.015450 000.112231 -00.599762 000.127975 
indiv001 000.156119 000.064611 000.005846 000.145772 -00.495438 000.132214 
indiv002 -00.098178 -00.017634 000.028205 000.227926 -00.459657 -00.168401 
indiv003 000.161865 000.061312 000.014026 000.137102 -00.607645 000.018049 
indiv004 000.162019 000.001939 -00.008334 000.202046 -00.360036 000.265627 
indiv005 000.229557 000.068898 000.023793 -00.209467 -00.389026 000.079259 
indiv006 000.223308 000.060635 000.008243 -00.030022 -00.463167 000.214625 
indiv007 000.233554 000.002790 000.001651 000.302499 -00.112437 000.347068 
indiv008 000.026267 000.002704 000.010053 000.281130 -00.577082 000.102765 
indiv009 000.121104 000.095627 000.025546 -00.084346 -00.462027 000.211349 
