indiv000 -00.028074 -00.022348 000.124535 000.403356 000.013068 000.408619 
indiv001 -00.031307 000.056870 000.095906 000.370662 -00.156462 -00.288794 
indiv002 000.155057 000.127268 000.101570 000.284246 -00.225546 000.106313 
indiv003 000.067688 000.077998 000.022977 000.249032 000.278276 000.304029 
indiv004 000.081630 000.054607 000.061141 000.397885 -00.156970 000.247768 
indiv005 000.008304 000.088265 000.047122 000.244580 -00.247623 -00.364106 
indiv006 -00.081673 000.101336 000.103977 000.303769 -00.147130 -00.262115 
indiv007 000.167666 000.114822 000.068024 000.260913 -00.264813 000.123762 
indiv008 000.131052 000.037095 000.069277 000.210849 -00.332867 000.218860 
indiv009 000.252789 000.146940 000.017349 000.157968 000.203997 000.220958 
