indiv000 000.113970 000.198988 000.012080 -00.182148 -00.484196 -00.008619 
indiv001 000.143301 000.271504 000.028983 000.362174 000.103720 -00.090319 
indiv002 000.326115 000.313364 000.045996 -00.020774 -00.200771 -00.092981 
indiv003 000.228888 000.242046 000.031714 000.276127 -00.104430 -00.116796 
indiv004 000.120960 000.144491 000.024021 000.227854 000.330279 -00.152395 
indiv005 000.230946 000.166510 000.027443 000.162600 000.355788 000.056714 
indiv006 000.093948 000.084578 000.005104 000.216351 -00.542593 -00.057427 
indiv007 000.201131 000.185385 000.023177 000.095783 -00.329496 -00.165028 
indiv008 000.226291 000.098754 000.037461 -00.174462 -00.269013 000.194019 
indiv009 000.220681 000.277719 000.032745 -00.140830 000.094740 -00.233286 
