indiv000 000.206388 000.259235 -00.029853 000.164161 000.135069 000.205293 
indiv001 000.176402 000.211613 000.107079 000.313051 000.127672 -00.064182 
indiv002 000.093532 -00.026861 000.012575 000.254061 000.435814 000.177156 
indiv003 000.063497 -00.111657 000.021173 000.549508 000.244782 -00.009383 
indiv004 000.170056 000.380011 000.030528 -00.246701 000.171367 000.001336 
indiv005 000.107971 000.198713 000.028442 000.266745 000.097427 000.300702 
indiv006 000.096289 000.364856 000.052822 -00.164671 000.155967 000.165395 
indiv007 000.114511 000.357235 000.034655 -00.169395 000.274284 -00.049920 
indiv008 000.074451 000.396954 000.000420 000.269769 000.192759 000.065647 
indiv009 000.203350 000.285206 000.055014 -00.093017 000.155183 -00.208231 
