indiv000 000.373468 000.234583 000.025176 000.174547 000.184163 -00.008063 
indiv001 000.389978 -00.046558 000.057684 000.383222 000.088739 000.033820 
indiv002 -00.190755 -00.139686 000.059056 000.421299 000.178757 000.010448 
indiv003 000.366296 -00.064211 000.024852 000.311232 000.021763 000.211645 
indiv004 000.311156 000.176439 000.000348 -00.123622 000.094462 000.293972 
indiv005 000.033090 000.325169 000.125931 000.235585 000.140822 -00.139402 
indiv006 000.354942 000.196082 -00.013860 -00.127676 000.090770 000.216670 
indiv007 -00.057410 000.441581 000.196838 000.076479 000.205496 000.022197 
indiv008 000.229609 000.054589 000.006989 000.373423 000.261540 000.073850 
indiv009 000.201570 -00.030536 000.017696 000.264996 000.258630 000.226571 
