indiv000 000.227653 000.214011 000.030617 -00.347814 000.036433 000.143472 
indiv001 000.376882 000.242133 000.031957 000.266339 000.050384 -00.032305 
indiv002 000.360749 000.224286 -00.006288 000.120749 -00.149915 000.138011 
indiv003 000.327229 000.151433 000.021067 000.116013 -00.313016 000.071242 
indiv004 000.192790 000.226633 000.019564 000.240074 000.282927 -00.038012 
indiv005 000.250647 000.205657 000.020703 000.048979 000.449681 000.024333 
indiv006 000.257272 000.114021 000.029930 -00.194434 000.225483 -00.178859 
indiv007 000.246118 000.113600 000.008865 000.080963 -00.388465 000.161990 
indiv008 000.503157 000.251086 -00.017776 000.112828 -00.053272 000.061880 
indiv009 000.215750 000.037079 000.047716 000.464232 -00.128461 -00.106762 
