indiv000 000.229689 000.214029 000.023842 -00.350926 000.036759 000.144756 
indiv001 000.376882 000.242133 000.031957 000.266339 000.050384 -00.032305 
indiv002 000.180201 000.218590 -00.008330 -00.349659 -00.198602 -00.044618 
indiv003 000.327229 000.151433 000.021067 000.116013 -00.313016 000.071242 
indiv004 000.211324 000.248421 000.021445 -00.087637 -00.274071 000.157102 
indiv005 000.352479 000.105393 000.057849 000.068877 -00.365691 -00.049710 
indiv006 000.324938 000.144010 000.008778 -00.245573 000.234988 000.041714 
indiv007 000.253801 000.202827 000.035837 000.105014 -00.400585 -00.001937 
indiv008 000.503157 000.251086 -00.017776 000.112828 -00.053272 000.061880 
indiv009 000.215750 000.037079 000.047716 000.464232 -00.128461 -00.106762 
