indiv000 000.225509 000.163682 000.017325 -00.149830 000.377563 -00.066092 
indiv001 000.161819 000.125965 000.022550 000.064727 -00.354075 -00.270864 
indiv002 000.080562 000.036519 000.017722 000.244200 -00.392409 -00.228587 
indiv003 000.170156 000.091878 000.017079 000.099144 000.545654 -00.076089 
indiv004 000.250819 000.249173 000.033503 000.182707 000.097833 -00.185964 
indiv005 000.214926 000.153539 000.035877 000.116851 000.331109 -00.147697 
indiv006 000.149159 000.257148 000.025747 000.140073 000.377122 000.050752 
indiv007 000.151339 000.156963 000.018204 000.081098 -00.281165 -00.311232 
indiv008 000.084293 000.012079 000.013954 000.163646 -00.494840 -00.231188 
indiv009 000.122979 000.264570 000.027872 000.459422 000.116789 -00.008367 
