indiv000 000.148924 000.060294 000.020029 -00.227530 000.537399 -00.005823 
indiv001 000.376882 000.242133 000.031957 000.266339 000.050384 -00.032305 
indiv002 000.345269 000.206762 -00.003425 000.162419 000.210006 -00.072120 
indiv003 000.221437 000.071931 000.013088 000.539347 -00.065505 -00.088692 
indiv004 000.220837 000.113199 000.022410 -00.275922 000.324089 -00.043542 
indiv005 000.250647 000.205657 000.020703 000.048979 000.449681 000.024333 
indiv006 000.229037 000.172502 000.018218 -00.334125 000.137248 -00.108869 
indiv007 000.168674 000.150312 000.038757 -00.166459 000.425866 -00.049932 
indiv008 000.454760 000.226934 -00.016066 000.219895 -00.048148 -00.034197 
indiv009 000.148944 000.236588 000.032941 -00.419139 -00.088684 -00.073704 
