indiv000 000.224463 000.164168 000.003223 -00.358740 -00.232430 -00.016975 
indiv001 000.045958 000.158694 000.012284 -00.467278 000.297108 000.018678 
indiv002 000.290039 000.297335 000.008088 000.151666 000.170177 -00.082695 
indiv003 000.217032 000.157812 000.030659 -00.034961 -00.404305 000.155231 
indiv004 000.322511 000.104857 000.027291 000.134309 -00.168837 -00.242195 
indiv005 000.090791 000.219460 000.009830 -00.525244 000.123508 000.031168 
indiv006 000.387837 000.225744 000.037540 000.150794 000.056906 -00.141179 
indiv007 000.169510 000.271869 000.013057 -00.314347 -00.226311 -00.004906 
indiv008 000.190862 000.142185 000.008680 -00.414971 000.013778 -00.229524 
indiv009 000.220681 000.277719 000.032745 -00.140830 000.094740 -00.233286 
