indiv000 000.360294 000.130785 000.001509 000.100308 000.052132 000.354973 
indiv001 000.329855 000.167070 000.031069 -00.204853 000.120387 -00.146766 
indiv002 000.186019 000.103546 000.013692 000.535405 000.099716 -00.061622 
indiv003 000.382648 000.157955 000.006572 -00.201341 000.050206 000.201278 
indiv004 000.395598 000.208002 000.021971 000.135242 000.122356 -00.116833 
indiv005 -00.270267 000.206490 000.010645 000.121590 000.085999 -00.305009 
indiv006 000.393557 -00.071449 000.034674 000.342383 000.071512 000.086424 
indiv007 000.480314 000.177553 000.073493 000.127671 000.081935 000.059034 
indiv008 000.609193 000.029848 000.002555 000.177718 -00.056029 000.124656 
indiv009 000.473528 -00.040666 -00.005819 -00.084223 -00.062624 000.333139 
