indiv000 000.268942 000.070669 000.000815 000.320681 000.028169 000.310723 
indiv001 -00.097882 000.228257 000.042447 000.269593 000.161305 -00.200517 
indiv002 000.186019 000.103546 000.013692 000.535405 000.099716 -00.061622 
indiv003 -00.089217 000.333665 -00.028488 -00.211611 000.284106 000.052914 
indiv004 000.395598 000.208002 000.021971 000.135242 000.122356 -00.116833 
indiv005 000.359606 -00.005613 -00.032127 000.190379 000.134652 000.277623 
indiv006 000.393557 -00.071449 000.034674 000.342383 000.071512 000.086424 
indiv007 -00.085996 000.414929 000.081948 -00.197022 000.190138 000.029967 
indiv008 -00.248891 000.350547 000.004483 -00.198757 000.136352 -00.060970 
indiv009 000.490074 -00.051508 000.005844 -00.106678 000.233045 000.112851 
