indiv000 000.156464 000.393513 000.046913 000.025523 000.279353 000.098234 
indiv001 -00.043070 000.101868 000.005011 -00.196386 -00.510362 000.143304 
indiv002 000.422803 000.181564 000.010003 000.051531 -00.281571 000.052528 
indiv003 000.080630 000.078705 -00.003422 000.107206 000.634200 000.095837 
indiv004 000.275394 000.187481 000.025008 000.110119 000.226466 000.175531 
indiv005 000.132717 000.450825 000.014788 -00.086024 -00.047136 000.268511 
indiv006 000.224051 000.225589 -00.012420 000.146954 -00.341397 000.049589 
indiv007 000.328446 000.195018 000.023056 000.243603 000.181210 -00.028668 
indiv008 000.152585 000.189737 000.033078 000.100477 000.393630 000.130493 
indiv009 000.247400 000.268840 000.020146 -00.069404 000.148593 000.245618 
