indiv000 000.244108 000.284824 000.030567 000.211930 000.218780 -00.009790 
indiv001 -00.009598 -00.077578 000.077510 000.482380 000.162702 -00.190232 
indiv002 000.048352 000.342216 000.111491 000.040835 000.100603 -00.356502 
indiv003 000.096204 000.243123 000.053385 000.030177 000.323253 -00.253857 
indiv004 000.081904 000.339537 000.119185 000.140285 000.154600 -00.164489 
indiv005 000.254078 000.408626 -00.048545 -00.160805 000.068267 -00.059679 
indiv006 000.370410 000.123457 000.024738 000.245207 000.150772 000.085415 
indiv007 -00.197885 000.295618 000.173819 -00.233857 000.068770 000.030051 
indiv008 000.099306 000.154541 000.057231 000.406235 000.191458 000.091230 
indiv009 000.237617 -00.007190 000.020861 000.453395 000.013849 000.267088 
