indiv000 000.050710 000.268662 000.041831 000.159212 -00.216072 000.263513 
indiv001 -00.015174 000.276365 -00.053917 000.339323 -00.053765 000.261457 
indiv002 000.296905 000.393863 -00.015652 000.129952 000.089904 -00.073725 
indiv003 000.072106 000.239052 000.034161 000.347402 000.262061 000.045218 
indiv004 000.184290 000.147411 000.070197 000.184950 000.298592 000.114561 
indiv005 -00.071219 000.438693 -00.127066 000.106970 000.131245 000.124806 
indiv006 -00.132461 000.358302 -00.046191 000.131978 000.231254 000.099814 
indiv007 000.444084 000.029354 -00.038579 000.267034 000.154368 -00.066582 
indiv008 000.192427 000.264020 000.064865 -00.153396 000.264958 000.060333 
indiv009 000.347875 000.387846 000.123833 -00.068611 000.020540 000.051295 
