indiv000 -00.055158 000.193038 000.025274 000.211594 000.392313 000.122623 
indiv001 -00.082994 -00.085752 000.057023 000.467770 000.193701 -00.112761 
indiv002 000.436119 000.065507 000.080045 -00.144803 -00.241519 -00.032006 
indiv003 000.254381 000.187765 000.072613 000.171452 000.278045 000.035744 
indiv004 000.037060 000.281404 -00.007875 -00.186231 000.413230 000.074200 
indiv005 000.236516 000.270887 000.047668 -00.103341 000.323596 000.017993 
indiv006 000.334205 -00.008708 000.051556 000.135796 -00.230851 -00.238884 
indiv007 -00.105098 000.324982 000.014705 000.081902 000.212369 000.260943 
indiv008 000.223833 -00.013612 000.023764 000.400477 -00.213714 -00.124601 
indiv009 000.323322 000.326820 000.057860 000.027522 000.139214 -00.125261 
