indiv000 000.190885 000.229870 000.024810 000.024547 -00.471465 -00.058422 
indiv001 000.050887 -00.146113 000.029441 000.507433 000.234238 000.031887 
indiv002 000.498411 -00.015834 000.030222 000.227595 000.109176 -00.118762 
indiv003 000.176357 000.309641 000.058367 -00.132925 -00.249454 000.073257 
indiv004 000.262919 -00.014355 000.027057 000.178564 -00.344511 -00.172595 
indiv005 000.228222 000.314501 000.017399 000.133550 000.255897 -00.050430 
indiv006 000.241730 000.256057 000.040468 -00.304941 000.121965 -00.034840 
indiv007 000.374951 000.011833 000.020040 -00.318278 000.259203 -00.015695 
indiv008 000.215585 000.176708 000.017507 -00.101490 -00.474238 000.014472 
indiv009 000.311375 000.234669 000.016140 000.218621 000.148290 000.070905 
