indiv000 000.295617 -00.098634 000.196662 000.057951 000.210123 000.141013 
indiv001 000.126203 000.130823 000.127196 000.102513 000.303276 000.209989 
indiv002 000.251623 000.146624 000.085987 000.048406 000.119032 000.348329 
indiv003 000.051632 000.135636 000.232691 000.073705 000.238861 000.267475 
indiv004 000.240177 000.107812 000.017368 000.149404 000.322786 000.162452 
indiv005 -00.100641 000.293199 000.186380 000.264480 -00.019522 000.135779 
indiv006 000.032805 000.194137 000.066788 000.064285 000.354094 000.287890 
indiv007 -00.082377 000.360326 000.176339 000.101857 000.210749 000.068352 
indiv008 000.336998 000.252491 000.082993 000.078981 000.172499 000.076038 
indiv009 000.358695 000.153340 000.006232 000.105573 000.175015 000.201146 
