indiv000 000.206388 000.259235 -00.029853 000.164161 000.135069 000.205293 
indiv001 000.176402 000.211613 000.107079 000.313051 000.127672 -00.064182 
indiv002 000.093532 -00.026861 000.012575 000.254061 000.435814 000.177156 
indiv003 000.063497 -00.111657 000.021173 000.549508 000.244782 -00.009383 
indiv004 000.103594 000.211217 000.042796 000.599694 -00.040278 000.002421 
indiv005 000.106733 000.190454 -00.037132 000.466398 000.138562 000.060722 
indiv006 000.096289 000.364856 000.052822 -00.164671 000.155967 000.165395 
indiv007 000.173694 -00.042207 000.052565 000.174827 000.416042 000.140665 
indiv008 000.074451 000.396954 000.000420 000.269769 000.192759 000.065647 
indiv009 000.292223 000.283345 000.037575 -00.133669 000.101830 000.151358 
