indiv000 -00.060573 000.147964 000.040619 -00.272949 000.293132 -00.184763 
indiv001 000.376882 000.242133 000.031957 000.266339 000.050384 -00.032305 
indiv002 000.345269 000.206762 -00.003425 000.162419 000.210006 -00.072120 
indiv003 000.156944 000.290141 000.067387 000.308463 -00.058812 -00.118253 
indiv004 000.308868 000.280224 000.014123 -00.043575 -00.263292 -00.089918 
indiv005 000.191667 000.148579 000.013828 000.048189 000.442433 -00.155303 
indiv006 000.250557 000.287436 000.047576 000.146256 -00.191077 -00.077097 
indiv007 000.175993 000.121772 000.031399 000.365926 000.264459 -00.040452 
indiv008 000.454760 000.226934 -00.016066 000.219895 -00.048148 -00.034197 
indiv009 000.412323 000.293191 000.040822 000.111773 -00.050554 -00.091337 
