indiv000 -00.060573 000.147964 000.040619 -00.272949 000.293132 -00.184763 
indiv001 000.376882 000.242133 000.031957 000.266339 000.050384 -00.032305 
indiv002 000.345269 000.206762 -00.003425 000.162419 000.210006 -00.072120 
indiv003 000.221437 000.071931 000.013088 000.539347 -00.065505 -00.088692 
indiv004 000.305798 000.150195 000.093154 -00.061471 000.262537 -00.126845 
indiv005 000.250647 000.205657 000.020703 000.048979 000.449681 000.024333 
indiv006 000.488167 000.175689 -00.013530 -00.182814 000.075094 000.064706 
indiv007 000.175993 000.121772 000.031399 000.365926 000.264459 -00.040452 
indiv008 000.454760 000.226934 -00.016066 000.219895 -00.048148 -00.034197 
indiv009 000.412323 000.293191 000.040822 000.111773 -00.050554 -00.091337 
