indiv000 000.152011 000.035187 -00.008364 000.132346 -00.521181 000.150911 
indiv001 000.064394 000.072615 -00.022499 000.161225 -00.501281 000.177985 
indiv002 000.109926 000.052226 000.051517 000.356358 -00.306561 -00.123412 
indiv003 000.348387 000.131963 000.088632 000.237543 000.167707 -00.025768 
indiv004 000.184840 000.087389 000.053940 000.170489 000.500002 -00.003340 
indiv005 -00.037139 000.063049 000.013280 000.527763 -00.257866 -00.100903 
indiv006 000.071001 000.077418 000.010524 000.446682 000.307779 000.086596 
indiv007 -00.137195 000.005316 000.023562 000.576375 -00.214236 -00.043317 
indiv008 -00.056339 000.003929 -00.023859 000.412178 -00.364224 -00.139470 
indiv009 000.133949 000.079136 000.014823 000.315595 000.231591 000.224906 
