indiv000 000.341211 000.005080 000.249369 000.164525 000.151566 000.088250 
indiv001 000.188329 000.030890 000.189811 000.152977 000.311414 000.126579 
indiv002 000.052869 000.112602 000.257405 000.058926 000.214565 000.303634 
indiv003 000.051632 000.135636 000.232691 000.073705 000.238861 000.267475 
indiv004 000.302802 000.007502 000.197631 000.154054 000.170502 000.167508 
indiv005 000.127037 000.234341 000.061262 000.181310 000.266734 000.129316 
indiv006 000.042712 000.135649 000.077773 000.083698 000.461020 000.199150 
indiv007 000.295735 000.115862 000.279013 000.022288 000.178951 000.108151 
indiv008 000.138517 000.235986 000.141660 000.161897 000.198137 000.123803 
indiv009 000.076461 000.152239 000.160448 000.240142 000.239385 000.131325 
