indiv000 000.462952 000.182305 000.049097 -00.140973 000.151397 000.013277 
indiv001 000.436069 000.237382 -00.021768 -00.060218 -00.119390 -00.125174 
indiv002 000.325887 000.274179 000.121480 000.029879 -00.083054 000.165520 
indiv003 000.164078 000.195100 000.033106 000.207420 000.388756 000.011540 
indiv004 000.207260 000.150959 000.032376 -00.355439 -00.133011 000.120955 
indiv005 -00.076675 000.137574 000.010016 000.075573 000.683776 000.016386 
indiv006 000.303975 000.204161 000.066158 000.108708 -00.295778 -00.021220 
indiv007 000.138871 000.078363 000.027993 -00.061695 -00.613622 000.079456 
indiv008 000.454760 000.226934 -00.016066 000.219895 -00.048148 -00.034197 
indiv009 000.244687 000.150570 000.025573 000.307180 000.223452 -00.048537 
