indiv000 000.209908 000.119627 000.053226 000.208698 -00.199548 -00.208993 
indiv001 000.162598 000.195719 000.053704 000.148464 -00.428028 -00.011488 
indiv002 000.404164 000.087142 000.054701 000.131766 -00.257642 -00.064585 
indiv003 000.434102 000.090588 000.080395 -00.021396 -00.331508 000.042010 
indiv004 000.118694 000.099927 000.066923 000.399396 -00.250713 000.064347 
indiv005 -00.131188 000.055117 000.029041 000.323238 -00.381655 -00.079761 
indiv006 000.151853 000.093926 000.070724 000.357050 -00.294944 000.031503 
indiv007 000.171562 000.265912 000.012993 000.013033 -00.338313 -00.198187 
indiv008 000.049329 000.167948 000.036660 000.182356 -00.304272 000.259435 
indiv009 000.326207 000.078935 000.070779 000.282206 -00.103277 000.138595 
