indiv000 000.462952 000.182305 000.049097 -00.140973 000.151397 000.013277 
indiv001 000.326842 000.087006 000.009963 000.243442 -00.090157 -00.242590 
indiv002 -00.093059 000.206415 000.091456 000.022494 000.461964 000.124612 
indiv003 000.215672 000.048764 000.025487 000.436283 000.228227 000.045566 
indiv004 000.068628 000.179468 000.038491 -00.422565 -00.158131 000.132717 
indiv005 000.356870 000.080933 000.019956 000.166258 000.292886 -00.083097 
indiv006 000.334564 000.068093 000.027567 000.273505 -00.126430 -00.169841 
indiv007 -00.108810 000.084214 000.030083 000.411984 000.282011 000.082897 
indiv008 000.318557 000.158967 000.036276 -00.217631 -00.200180 -00.068389 
indiv009 000.147861 000.156753 000.031990 -00.193857 -00.404338 -00.065201 
