indiv000 -00.060573 000.147964 000.040619 -00.272949 000.293132 -00.184763 
indiv001 000.376882 000.242133 000.031957 000.266339 000.050384 -00.032305 
indiv002 000.358856 000.301916 000.021838 -00.052418 -00.190014 -00.074958 
indiv003 000.164078 000.195100 000.033106 000.207420 000.388756 000.011540 
indiv004 000.399606 000.291056 000.062423 -00.045260 -00.108261 -00.093394 
indiv005 000.582936 000.093367 -00.009969 000.030282 -00.246227 000.037220 
indiv006 000.376681 000.055005 -00.010153 000.134709 -00.399583 -00.023868 
indiv007 000.175993 000.121772 000.031399 000.365926 000.264459 -00.040452 
indiv008 000.454760 000.226934 -00.016066 000.219895 -00.048148 -00.034197 
indiv009 000.412323 000.293191 000.040822 000.111773 -00.050554 -00.091337 
