indiv000 000.246120 000.235793 000.084245 -00.341294 000.080488 000.012060 
indiv001 000.101868 -00.292493 000.029261 000.032913 000.468904 -00.074561 
indiv002 000.127935 -00.225124 000.072378 000.368550 000.132660 000.073353 
indiv003 000.308368 000.043123 000.038420 000.385813 -00.173365 000.050912 
indiv004 000.142378 000.054085 000.006356 000.251614 000.285758 -00.259808 
indiv005 000.087644 000.152907 000.028103 000.215710 -00.406314 000.109321 
indiv006 000.185301 000.087370 000.015268 -00.296177 000.336114 -00.079770 
indiv007 000.089361 000.018025 000.021737 000.380710 -00.388383 000.101784 
indiv008 000.026625 000.145848 000.047033 000.584507 -00.089592 -00.106396 
indiv009 000.386615 -00.044339 000.020039 000.271448 000.184123 -00.093436 
