indiv000 000.489794 000.128702 000.017117 000.066623 000.051302 000.246462 
indiv001 -00.051689 000.316298 000.058820 -00.311129 000.223521 000.038543 
indiv002 000.299541 -00.041328 000.022049 000.136044 000.160570 000.340468 
indiv003 000.614849 -00.055176 000.035812 -00.179245 000.070098 000.044821 
indiv004 000.065878 000.273033 000.028840 000.318278 000.160610 -00.153361 
indiv005 000.359606 -00.005613 -00.032127 000.190379 000.134652 000.277623 
indiv006 000.095952 000.198228 000.066126 000.338499 000.136379 000.164816 
indiv007 -00.120535 000.348765 000.096108 -00.129830 000.266503 -00.038260 
indiv008 000.560047 000.171028 000.088555 -00.020165 000.040219 -00.119986 
indiv009 000.502401 -00.094249 000.032515 -00.055143 000.192247 -00.123445 
