indiv000 000.244108 000.284824 000.030567 000.211930 000.218780 -00.009790 
indiv001 000.156209 000.305577 000.061694 000.383947 -00.003081 -00.089492 
indiv002 000.048352 000.342216 000.111491 000.040835 000.100603 -00.356502 
indiv003 000.113572 000.081866 000.087644 000.035625 000.381608 -00.299685 
indiv004 000.039663 000.273845 000.000493 -00.270773 000.198638 -00.216589 
indiv005 000.269632 000.057649 000.046819 000.311971 000.293963 -00.019967 
indiv006 000.133420 000.080129 000.100838 000.486953 000.126889 -00.071770 
indiv007 -00.057410 000.441581 000.196838 000.076479 000.205496 000.022197 
indiv008 000.179838 000.042756 000.024209 000.292478 000.395036 000.065683 
indiv009 000.237617 -00.007190 000.020861 000.453395 000.013849 000.267088 
