indiv000 000.128907 -00.015676 000.015450 000.112231 -00.599762 000.127975 
indiv001 -00.136346 -00.014178 000.014326 000.237733 -00.583289 -00.014127 
indiv002 -00.118416 -00.021269 000.088509 000.274912 -00.293777 -00.203117 
indiv003 -00.318334 -00.089135 000.018184 000.283427 -00.282528 000.008392 
indiv004 000.162019 000.001939 -00.008334 000.202046 -00.360036 000.265627 
indiv005 -00.123659 000.098978 000.166804 000.103298 -00.270610 -00.236651 
indiv006 000.343196 000.102328 000.064610 000.032229 -00.377829 -00.079808 
indiv007 000.183900 000.002197 000.042161 000.238187 -00.411300 000.122255 
indiv008 000.201933 000.115588 000.058155 000.263490 -00.326729 -00.034105 
indiv009 000.302783 -00.009345 -00.028973 000.118603 -00.204594 000.335702 
