indiv000 000.090325 000.096094 000.072368 000.203775 -00.488842 000.048595 
indiv001 000.376882 000.242133 000.031957 000.266339 000.050384 -00.032305 
indiv002 000.287312 000.138355 000.033062 000.294229 -00.175902 -00.071139 
indiv003 000.327229 000.151433 000.021067 000.116013 -00.313016 000.071242 
indiv004 000.170590 000.276193 000.023842 -00.097434 -00.304709 000.127232 
indiv005 000.220312 000.199842 000.032197 000.132178 -00.270283 000.145189 
indiv006 000.427278 000.154139 -00.017154 000.269165 000.107533 000.024730 
indiv007 000.208808 000.008948 000.023712 000.488658 -00.205626 -00.064248 
indiv008 000.202448 000.425065 -00.004411 000.115898 -00.054722 000.197456 
indiv009 000.249019 -00.075940 000.047672 000.472171 -00.148270 -00.006929 
