indiv000 -00.084440 000.380646 000.098071 -00.158488 -00.226177 -00.052178 
indiv001 000.177377 000.290795 000.030988 000.137113 000.278038 -00.085689 
indiv002 000.342447 000.280263 000.011884 000.148903 -00.142575 -00.073927 
indiv003 -00.098338 000.569977 000.062507 -00.059408 -00.194406 000.015363 
indiv004 000.221788 000.246297 000.058456 000.151586 000.282554 -00.039319 
indiv005 000.420418 000.040188 -00.010969 -00.060926 000.457028 -00.010472 
indiv006 000.267804 000.233920 -00.004931 000.065741 -00.408885 000.018718 
indiv007 000.328446 000.195018 000.023056 000.243603 000.181210 -00.028668 
indiv008 -00.232136 000.396696 000.124566 -00.011706 000.177477 -00.057420 
indiv009 000.193437 000.212134 000.001103 000.138601 000.342514 -00.112212 
