indiv000 000.252658 000.061372 000.011441 000.053584 000.582186 -00.038759 
indiv001 000.266625 000.169802 000.073263 000.101060 -00.351556 -00.037694 
indiv002 000.273144 000.225938 000.008068 -00.038882 -00.411555 -00.042412 
indiv003 000.121780 000.148305 000.044508 000.072597 000.528776 -00.084034 
indiv004 000.371798 000.193768 000.076888 000.004617 000.317821 -00.035108 
indiv005 000.252908 000.307525 000.110021 000.041401 000.253649 -00.034495 
indiv006 000.210718 000.060813 000.040596 000.145079 -00.336655 000.206139 
indiv007 000.173761 000.334591 000.083140 -00.017312 -00.241021 -00.150175 
indiv008 000.134227 000.101066 000.021326 -00.017163 000.619016 -00.107201 
indiv009 000.265617 000.303616 000.058071 -00.005803 -00.315361 -00.051532 
