indiv000 000.113970 000.198988 000.012080 -00.182148 -00.484196 -00.008619 
indiv001 000.061779 000.474024 000.019753 -00.019946 000.399391 000.025108 
indiv002 000.326115 000.313364 000.045996 -00.020774 -00.200771 -00.092981 
indiv003 000.218911 000.231496 000.056365 000.264091 000.117431 -00.111705 
indiv004 000.038047 000.298649 000.016686 000.470953 -00.102338 -00.073327 
indiv005 000.188854 000.166493 000.046317 000.050769 000.472284 000.075284 
indiv006 000.227933 000.195711 000.022062 -00.180620 000.264864 -00.108809 
indiv007 000.190204 000.028096 000.019709 000.113315 -00.453443 -00.195234 
indiv008 000.197178 000.311305 000.032642 -00.152017 -00.234404 -00.072455 
indiv009 000.220681 000.277719 000.032745 -00.140830 000.094740 -00.233286 
