indiv000 000.246120 000.235793 000.084245 -00.341294 000.080488 000.012060 
indiv001 000.172757 000.141103 000.022611 000.128675 -00.440159 -00.094696 
indiv002 000.142882 000.144857 -00.010798 000.180035 000.309829 -00.211599 
indiv003 000.220570 000.046676 000.041586 000.417605 000.218456 000.055107 
indiv004 000.370226 000.128855 000.075475 000.174965 000.155191 000.095289 
indiv005 000.289956 -00.064719 000.011642 000.186905 -00.352056 000.094722 
indiv006 000.297489 000.140266 000.024512 000.243196 000.166471 -00.128066 
indiv007 000.123753 000.038062 000.043326 000.286799 000.479222 000.028838 
indiv008 000.244486 -00.084794 000.015443 000.496596 -00.153634 -00.005046 
indiv009 000.276332 000.022177 -00.061200 000.429125 -00.103148 -00.108018 
