indiv000 000.050310 000.096545 000.006539 000.310166 000.514920 000.021520 
indiv001 000.248314 -00.026687 000.002037 000.524254 000.174898 000.023809 
indiv002 000.118580 000.133286 000.002415 000.267652 000.436109 -00.041958 
indiv003 000.041407 000.145973 000.037318 000.234121 -00.494343 000.046838 
indiv004 000.056339 000.012147 000.045435 000.113730 -00.721286 000.051063 
indiv005 000.189981 000.323376 000.014484 -00.195167 000.213019 -00.063972 
indiv006 000.175754 000.068808 000.026170 -00.349452 -00.281399 -00.098418 
indiv007 000.120488 000.033781 000.016929 000.151383 -00.666710 -00.010709 
indiv008 000.281151 000.209447 000.006614 000.158521 -00.277117 -00.067150 
indiv009 000.311375 000.234669 000.016140 000.218621 000.148290 000.070905 
