indiv000 000.367588 000.442662 000.031419 000.047271 000.096587 000.014473 
indiv001 000.050887 -00.146113 000.029441 000.507433 000.234238 000.031887 
indiv002 000.498411 -00.015834 000.030222 000.227595 000.109176 -00.118762 
indiv003 000.176357 000.309641 000.058367 -00.132925 -00.249454 000.073257 
indiv004 000.146591 000.055686 000.038198 000.256669 -00.495202 000.007655 
indiv005 000.228222 000.314501 000.017399 000.133550 000.255897 -00.050430 
indiv006 000.385036 000.039748 000.008189 -00.374470 000.149774 -00.042783 
indiv007 000.092702 000.018698 000.018061 000.394939 000.450798 -00.024802 
indiv008 000.147626 000.121005 000.039021 000.425611 -00.178464 -00.088272 
indiv009 000.311375 000.234669 000.016140 000.218621 000.148290 000.070905 
