indiv000 000.274633 000.100010 000.051308 000.317186 000.173451 -00.083413 
indiv001 000.376882 000.242133 000.031957 000.266339 000.050384 -00.032305 
indiv002 000.287312 000.138355 000.033062 000.294229 -00.175902 -00.071139 
indiv003 000.327229 000.151433 000.021067 000.116013 -00.313016 000.071242 
indiv004 000.170590 000.276193 000.023842 -00.097434 -00.304709 000.127232 
indiv005 000.182065 000.165149 000.026607 000.282834 -00.223361 000.119984 
indiv006 000.427278 000.154139 -00.017154 000.269165 000.107533 000.024730 
indiv007 000.208808 000.008948 000.023712 000.488658 -00.205626 -00.064248 
indiv008 000.503157 000.251086 -00.017776 000.112828 -00.053272 000.061880 
indiv009 000.249019 -00.075940 000.047672 000.472171 -00.148270 -00.006929 
