indiv000 000.165266 000.302266 000.031692 000.030810 000.397376 -00.072590 
indiv001 000.406587 000.196072 000.072088 000.139968 -00.170456 -00.014829 
indiv002 000.234637 000.198839 -00.001554 000.152922 -00.319645 -00.092402 
indiv003 000.051762 000.201314 000.012799 000.117557 000.521518 000.095050 
indiv004 000.128122 000.324838 000.072349 000.315045 000.108844 000.050801 
indiv005 000.338952 000.170641 000.039873 000.105633 000.180754 -00.164147 
indiv006 000.141469 000.245141 000.014883 000.233814 000.346683 000.018010 
indiv007 000.219522 000.042091 000.048506 000.180926 000.429123 -00.079831 
indiv008 000.204912 000.253066 -00.011547 000.063242 -00.461379 000.005854 
indiv009 000.082492 000.173927 000.019935 000.047691 -00.568051 -00.107904 
