indiv000 -00.055158 000.193038 000.025274 000.211594 000.392313 000.122623 
indiv001 -00.052519 000.346364 000.021941 -00.239771 000.110079 000.229327 
indiv002 000.436119 000.065507 000.080045 -00.144803 -00.241519 -00.032006 
indiv003 -00.207850 000.493365 000.072922 000.172183 000.018427 000.035253 
indiv004 000.166356 000.207488 000.030187 000.455716 000.095571 -00.044681 
indiv005 000.346346 000.270091 000.000425 000.269910 000.109334 -00.003894 
indiv006 000.062794 000.349289 -00.015406 000.205992 -00.318741 000.047778 
indiv007 -00.076525 000.236627 000.055856 000.059635 -00.381358 000.189999 
indiv008 000.548442 000.124710 000.086900 -00.156835 000.013224 -00.069888 
indiv009 000.716530 -00.030350 -00.023208 000.036068 000.182442 000.011401 
