indiv000 000.209908 000.119627 000.053226 000.208698 -00.199548 -00.208993 
indiv001 000.240595 000.150536 -00.038440 000.279357 -00.265802 000.025270 
indiv002 000.281518 000.142923 000.038102 000.288295 -00.179459 -00.069704 
indiv003 000.335104 000.069929 000.035968 000.306267 -00.220301 000.032430 
indiv004 000.302452 000.103401 000.065224 000.232017 -00.145644 000.151263 
indiv005 000.159240 000.139572 000.022816 000.082539 -00.244878 000.350955 
indiv006 000.151853 000.093926 000.070724 000.357050 -00.294944 000.031503 
indiv007 000.149949 000.238652 000.190001 000.081382 -00.176961 000.163056 
indiv008 000.049329 000.167948 000.036660 000.182356 -00.304272 000.259435 
indiv009 000.244227 000.108428 000.133567 000.162171 -00.161227 000.190379 
