indiv000 000.252658 000.061372 000.011441 000.053584 000.582186 -00.038759 
indiv001 000.187416 000.332985 000.074784 000.086466 -00.287521 -00.030828 
indiv002 000.039825 000.168969 000.064692 -00.117873 000.507763 000.100878 
indiv003 000.224626 000.219554 000.081156 -00.029729 -00.377284 000.067652 
indiv004 000.174399 000.057357 000.041344 000.128948 000.475808 -00.122142 
indiv005 000.208903 000.199657 000.123115 000.134735 000.181410 -00.152180 
indiv006 000.189943 000.300862 000.070667 -00.042198 -00.238399 -00.157932 
indiv007 000.080670 000.195924 000.023333 000.113862 -00.547941 -00.038269 
indiv008 000.222006 000.174879 000.000546 000.176623 -00.278832 -00.147113 
indiv009 000.202688 000.111907 000.035468 000.074335 000.475193 -00.100408 
