indiv000 000.245700 -00.018402 000.001029 000.457246 000.035551 000.242071 
indiv001 -00.216392 000.027237 000.014398 000.707091 -00.016251 000.018630 
indiv002 000.535585 000.017717 -00.001900 -00.104593 000.074116 000.266090 
indiv003 000.134097 000.338121 000.091663 -00.304078 000.051322 000.080720 
indiv004 000.312697 000.102338 000.017367 000.397745 -00.040558 -00.129296 
indiv005 -00.326709 000.251010 000.089273 000.221139 000.060027 000.051841 
indiv006 -00.102854 000.085553 000.023203 000.721489 000.009070 000.057831 
indiv007 000.383447 000.114168 000.058672 -00.330960 000.041347 -00.071407 
indiv008 000.609193 000.029848 000.002555 000.177718 -00.056029 000.124656 
indiv009 000.545278 -00.014068 -00.006195 000.190969 -00.037151 000.206339 
