indiv000 000.327738 000.060252 -00.004780 000.398122 000.104497 -00.104612 
indiv001 000.376882 000.242133 000.031957 000.266339 000.050384 -00.032305 
indiv002 000.254449 000.308656 -00.035238 000.260574 -00.078081 -00.063002 
indiv003 000.327229 000.151433 000.021067 000.116013 -00.313016 000.071242 
indiv004 000.170590 000.276193 000.023842 -00.097434 -00.304709 000.127232 
indiv005 000.352479 000.105393 000.057849 000.068877 -00.365691 -00.049710 
indiv006 000.321969 000.142694 000.008698 000.252464 000.232842 000.041333 
indiv007 000.253801 000.202827 000.035837 000.105014 -00.400585 -00.001937 
indiv008 000.503157 000.251086 -00.017776 000.112828 -00.053272 000.061880 
indiv009 000.249019 -00.075940 000.047672 000.472171 -00.148270 -00.006929 
