indiv000 000.302501 000.356977 000.037879 000.094851 -00.195660 -00.012132 
indiv001 000.327291 000.318948 000.032811 000.005170 000.259733 000.056047 
indiv002 000.094028 000.109739 000.035182 -00.598645 000.105370 000.057038 
indiv003 000.394423 000.005920 000.061337 000.264029 000.199168 000.075122 
indiv004 000.278047 -00.000577 000.054137 000.444073 000.179241 -00.043925 
indiv005 000.256829 000.245272 000.066591 -00.300944 000.084687 -00.045677 
indiv006 000.118179 000.168543 000.006143 -00.486019 000.174164 000.046952 
indiv007 000.345812 000.020065 000.064026 000.342912 000.206296 -00.020889 
indiv008 000.119856 -00.019766 000.069074 000.490298 000.231077 000.069930 
indiv009 000.263228 -00.040696 000.071315 000.352710 000.090430 000.181620 
