indiv000 -00.155078 000.231410 000.159424 000.072038 000.177446 000.204604 
indiv001 -00.014141 000.141719 000.085877 000.088148 000.304443 000.365671 
indiv002 000.278757 000.127863 000.091627 000.124364 000.274821 -00.102568 
indiv003 -00.092825 000.275040 000.140225 000.122565 000.208187 000.161158 
indiv004 000.292907 000.411823 000.022230 000.170409 000.072899 000.029731 
indiv005 -00.222444 000.143101 000.237846 000.026293 000.260062 -00.110254 
indiv006 000.377204 000.157245 000.037150 000.120289 000.196959 -00.111153 
indiv007 -00.364851 000.176613 000.153126 000.022556 000.249351 000.033503 
indiv008 000.336998 000.252491 000.082993 000.078981 000.172499 000.076038 
indiv009 000.370636 000.158444 000.006439 000.106699 000.254226 -00.103556 
