indiv000 000.253784 000.076099 -00.013965 000.220953 000.169618 000.265581 
indiv001 000.094582 000.065722 000.024172 000.236806 000.317295 000.261423 
indiv002 000.201137 000.072480 000.077349 000.076451 -00.355145 000.217439 
indiv003 000.228033 000.126935 -00.003221 000.127666 -00.192719 000.321426 
indiv004 000.415064 000.132712 -00.005841 000.063710 000.239813 -00.142860 
indiv005 -00.037139 000.063049 000.013280 000.527763 -00.257866 -00.100903 
indiv006 000.130642 000.029043 000.024361 000.413088 -00.382297 -00.020568 
indiv007 000.167666 000.114822 000.068024 000.260913 -00.264813 000.123762 
indiv008 000.107442 000.071193 000.056796 000.463128 -00.272899 -00.028541 
indiv009 000.176175 000.070056 000.010626 000.220522 -00.208510 -00.314111 
