indiv000 000.244108 000.284824 000.030567 000.211930 000.218780 -00.009790 
indiv001 000.137380 -00.065836 000.081569 000.541906 000.125485 000.047824 
indiv002 -00.190755 -00.139686 000.059056 000.421299 000.178757 000.010448 
indiv003 000.052591 -00.104859 000.040585 000.508254 000.035541 000.258170 
indiv004 000.311156 000.176439 000.000348 -00.123622 000.094462 000.293972 
indiv005 000.033090 000.325169 000.125931 000.235585 000.140822 -00.139402 
indiv006 000.354942 000.196082 -00.013860 -00.127676 000.090770 000.216670 
indiv007 -00.057410 000.441581 000.196838 000.076479 000.205496 000.022197 
indiv008 000.229609 000.054589 000.006989 000.373423 000.261540 000.073850 
indiv009 000.237617 -00.007190 000.020861 000.453395 000.013849 000.267088 
