indiv000 -00.076267 000.266713 000.048624 000.181151 000.289543 000.137701 
indiv001 -00.011536 000.303777 000.026210 -00.200843 -00.124430 000.333204 
indiv002 000.437223 000.299898 000.016835 000.081248 -00.003921 -00.160875 
indiv003 -00.080992 000.328390 000.024947 000.005571 000.481283 000.078817 
indiv004 000.381659 000.189001 000.030488 -00.154726 -00.215687 000.028439 
indiv005 000.753475 000.033146 000.032472 000.070810 000.063294 -00.046803 
indiv006 000.361238 000.134305 000.032285 000.104537 000.267011 000.100623 
indiv007 -00.364851 000.176613 000.153126 000.022556 000.249351 000.033503 
indiv008 000.263832 000.257032 000.057195 000.060524 -00.315115 -00.046302 
indiv009 000.005010 000.248816 000.007780 000.207351 000.405167 -00.125875 
