indiv000 000.066094 000.126835 000.008591 -00.076773 000.676470 -00.045237 
indiv001 000.352948 -00.026052 000.020785 000.406236 000.170736 000.023242 
indiv002 000.290039 000.297335 000.008088 000.151666 000.170177 -00.082695 
indiv003 000.201656 000.040054 000.020266 -00.023110 -00.612302 000.102612 
indiv004 000.261494 000.103073 000.027688 000.069306 000.507321 000.031118 
indiv005 000.189981 000.323376 000.014484 -00.195167 000.213019 -00.063972 
indiv006 -00.023449 -00.152244 000.041924 000.586314 -00.038404 -00.157666 
indiv007 000.204101 000.223680 000.011865 -00.480955 000.071892 -00.007506 
indiv008 000.294784 000.219602 000.006934 -00.065746 -00.342528 -00.070406 
indiv009 000.279965 000.065664 000.006504 -00.303988 -00.315305 000.028574 
