indiv000 000.152011 000.035187 -00.008364 000.132346 -00.521181 000.150911 
indiv001 000.374846 000.099108 000.006295 000.156972 -00.220406 000.142373 
indiv002 -00.098178 -00.017634 000.028205 000.227926 -00.459657 -00.168401 
indiv003 000.161865 000.061312 000.014026 000.137102 -00.607645 000.018049 
indiv004 -00.088598 000.003293 000.029758 000.343222 -00.450118 -00.085011 
indiv005 000.229557 000.068898 000.023793 -00.209467 -00.389026 000.079259 
indiv006 000.223308 000.060635 000.008243 -00.030022 -00.463167 000.214625 
indiv007 -00.106832 000.004140 -00.023775 000.448817 -00.166823 -00.249613 
indiv008 000.025038 000.002577 000.022412 000.267976 -00.550080 000.131917 
indiv009 -00.084210 000.074192 -00.019242 000.488462 -00.214465 -00.119429 
