indiv000 000.653023 000.100833 000.035005 000.088037 000.074585 000.048517 
indiv001 000.529300 000.165199 -00.011794 000.173672 -00.068118 000.051917 
indiv002 000.375630 -00.030800 000.017129 000.015631 -00.485967 -00.074843 
indiv003 000.121780 000.148305 000.044508 000.072597 000.528776 -00.084034 
indiv004 000.423956 000.055478 000.025429 000.138532 000.342376 -00.014229 
indiv005 000.292489 000.242037 -00.013726 000.217502 000.197099 -00.037146 
indiv006 000.249984 000.200838 000.023071 000.119843 000.346985 000.059279 
indiv007 000.191657 000.244494 000.009108 000.064892 -00.481637 -00.008213 
indiv008 000.568430 000.042846 -00.010021 000.236630 000.026616 -00.115457 
indiv009 000.195156 000.092932 000.004708 000.149283 -00.412305 000.145616 
