indiv000 000.225509 000.163682 000.017325 -00.149830 000.377563 -00.066092 
indiv001 000.289549 000.147261 000.035033 000.196440 000.198970 000.132747 
indiv002 000.124874 000.056606 000.013487 000.191771 000.475335 -00.137927 
indiv003 000.190670 000.150131 000.018607 000.162003 000.443872 000.034718 
indiv004 000.250819 000.249173 000.033503 000.182707 000.097833 -00.185964 
indiv005 000.214926 000.153539 000.035877 000.116851 000.331109 -00.147697 
indiv006 000.224931 000.095337 000.014581 000.211229 000.206425 -00.247497 
indiv007 000.151339 000.156963 000.018204 000.081098 -00.281165 -00.311232 
indiv008 000.128103 000.145872 000.021207 000.248700 -00.104773 -00.351346 
indiv009 000.122979 000.264570 000.027872 000.459422 000.116789 -00.008367 
