indiv000 -00.055158 000.193038 000.025274 000.211594 000.392313 000.122623 
indiv001 -00.052519 000.346364 000.021941 -00.239771 000.110079 000.229327 
indiv002 000.436119 000.065507 000.080045 -00.144803 -00.241519 -00.032006 
indiv003 000.254381 000.187765 000.072613 000.171452 000.278045 000.035744 
indiv004 000.037060 000.281404 -00.007875 -00.186231 000.413230 000.074200 
indiv005 000.236516 000.270887 000.047668 -00.103341 000.323596 000.017993 
indiv006 000.108257 -00.011542 000.068336 000.179993 -00.549505 000.082368 
indiv007 -00.105098 000.324982 000.014705 000.081902 000.212369 000.260943 
indiv008 000.278198 000.257698 000.048177 000.296386 000.027327 -00.092215 
indiv009 000.645336 -00.019490 000.089442 000.023162 000.117156 -00.105414 
