indiv000 000.267832 000.096448 -00.011528 000.250244 -00.338806 000.035142 
indiv001 000.303674 -00.072472 000.149105 -00.065021 -00.290787 -00.118941 
indiv002 000.005923 -00.059186 000.170900 000.362021 -00.335407 -00.066563 
indiv003 000.056789 000.303876 -00.059940 000.217611 -00.290508 000.071277 
indiv004 000.278651 -00.075448 000.053861 000.128863 -00.229628 000.233548 
indiv005 -00.026510 000.145528 -00.045524 000.090192 -00.323878 000.368369 
indiv006 000.311135 000.017623 000.091713 000.263863 -00.260325 -00.055342 
indiv007 000.446953 000.002389 000.071918 000.093868 -00.359664 000.025208 
indiv008 000.201933 000.115588 000.058155 000.263490 -00.326729 -00.034105 
indiv009 000.268274 000.130527 -00.014831 000.043821 -00.302397 000.240150 
