indiv000 000.344180 000.161991 000.011129 000.023758 -00.219971 000.238971 
indiv001 000.176162 000.268917 000.008392 -00.109807 -00.212806 000.223917 
indiv002 000.314961 000.382485 -00.012988 000.090236 000.160201 000.039130 
indiv003 000.250907 000.118058 -00.001163 000.186363 000.215474 -00.228036 
indiv004 000.176327 -00.049051 000.016522 000.213707 000.386904 -00.157488 
indiv005 000.153292 000.411664 000.014794 000.166086 -00.037955 000.216209 
indiv006 000.415127 000.143858 -00.007921 000.093713 000.058593 -00.280789 
indiv007 000.328446 000.195018 000.023056 000.243603 000.181210 -00.028668 
indiv008 000.091796 000.154105 000.026866 -00.034955 000.319709 000.372569 
indiv009 000.427810 000.160865 000.002745 -00.050314 000.251390 -00.106875 
