indiv000 000.221161 000.051457 000.060931 000.118570 -00.419372 -00.128510 
indiv001 000.187416 000.332985 000.074784 000.086466 -00.287521 -00.030828 
indiv002 000.186243 -00.091152 000.054668 000.205367 000.429087 -00.033482 
indiv003 000.233408 000.167762 000.062012 000.200540 -00.284585 000.051693 
indiv004 000.174399 000.057357 000.041344 000.128948 000.475808 -00.122142 
indiv005 000.368823 000.282656 000.051681 000.133951 -00.011594 -00.151294 
indiv006 000.207151 000.170129 -00.001973 000.108466 000.434983 -00.077299 
indiv007 000.080670 000.195924 000.023333 000.113862 -00.547941 -00.038269 
indiv008 000.264236 000.147250 000.000533 000.172347 -00.272082 -00.143552 
indiv009 000.233367 -00.044609 000.040836 000.085586 000.547118 -00.048484 
