indiv000 -00.028074 -00.022348 000.124535 000.403356 000.013068 000.408619 
indiv001 000.197652 -00.007784 000.038628 000.292720 000.082691 000.380526 
indiv002 000.155057 000.127268 000.101570 000.284246 -00.225546 000.106313 
indiv003 000.079007 -00.006640 000.085331 000.396598 -00.259790 -00.172634 
indiv004 000.278567 -00.024461 000.074205 000.325742 000.052508 000.244517 
indiv005 000.309427 000.104614 000.027049 000.104544 -00.421498 000.032868 
indiv006 000.063358 000.106209 000.102274 000.413009 -00.113090 -00.202059 
indiv007 000.167666 000.114822 000.068024 000.260913 -00.264813 000.123762 
indiv008 000.267629 000.097076 -00.014299 000.141520 -00.162581 000.316895 
indiv009 000.162369 000.097859 000.017272 000.107971 000.394546 000.219983 
