indiv000 000.253784 000.076099 -00.013965 000.220953 000.169618 000.265581 
indiv001 000.094582 000.065722 000.024172 000.236806 000.317295 000.261423 
indiv002 -00.070713 000.026932 000.066017 000.333633 -00.392845 000.109861 
indiv003 000.248527 000.097535 000.065509 -00.024940 -00.159979 000.403510 
indiv004 000.342114 000.108408 -00.005415 000.315552 000.222328 -00.006182 
indiv005 -00.037139 000.063049 000.013280 000.527763 -00.257866 -00.100903 
indiv006 000.100866 000.044532 -00.020296 000.634571 000.050744 -00.148990 
indiv007 -00.155835 000.008522 000.079223 000.303870 -00.308411 000.144138 
indiv008 000.107442 000.071193 000.056796 000.463128 -00.272899 -00.028541 
indiv009 000.164110 000.104532 000.009898 000.386658 000.283738 000.051064 
