indiv000 -00.244870 000.186070 000.191246 000.195962 000.077631 000.104222 
indiv001 -00.025197 000.310211 -00.062522 -00.281313 000.244037 -00.076720 
indiv002 000.271137 000.176361 000.026907 000.045077 000.377818 000.102701 
indiv003 000.418742 000.191430 -00.001211 -00.088070 000.227537 000.073009 
indiv004 000.184290 000.147411 000.070197 000.184950 000.298592 000.114561 
indiv005 000.051792 000.335141 000.181197 -00.009119 000.258245 000.164506 
indiv006 -00.044834 000.308659 000.229299 -00.082996 000.140319 000.193893 
indiv007 000.317128 000.172601 -00.019206 000.132942 000.337205 -00.020918 
indiv008 000.264769 000.265406 000.065205 000.077622 000.266349 000.060650 
indiv009 000.453462 000.193852 000.007878 000.047314 000.226990 000.070503 
