indiv000 000.127643 000.058891 000.021986 000.344624 000.225324 -00.221533 
indiv001 000.012857 000.348952 000.037186 000.164534 000.333644 -00.102826 
indiv002 -00.111741 000.085757 000.016417 000.298641 000.194700 -00.292744 
indiv003 000.271846 000.085732 000.055515 000.296361 000.171290 000.119256 
indiv004 -00.069508 000.269797 000.074267 000.346725 000.050823 -00.188880 
indiv005 000.338950 000.279260 000.046755 -00.040811 000.259347 000.034877 
indiv006 000.144775 000.240835 000.072263 000.058783 000.393580 -00.089764 
indiv007 -00.025954 000.344330 -00.075797 000.481539 -00.016424 -00.055956 
indiv008 000.316120 000.245499 000.058100 000.211689 000.050817 000.117775 
indiv009 000.300553 000.346910 000.053786 000.121407 000.129410 000.047935 
