indiv000 000.653023 000.100833 000.035005 000.088037 000.074585 000.048517 
indiv001 000.302301 000.080092 -00.002823 000.071661 000.374876 -00.168248 
indiv002 000.199780 000.284597 000.013188 000.172895 000.227188 -00.102352 
indiv003 000.121780 000.148305 000.044508 000.072597 000.528776 -00.084034 
indiv004 000.351892 000.173257 000.044297 000.114984 000.284178 -00.031392 
indiv005 000.165094 000.303997 000.047671 000.091621 000.264232 -00.127385 
indiv006 000.249984 000.200838 000.023071 000.119843 000.346985 000.059279 
indiv007 000.164714 000.071601 000.019932 000.163079 -00.413929 000.166744 
indiv008 000.683213 000.151326 000.006418 000.097838 000.038611 -00.022593 
indiv009 000.195156 000.092932 000.004708 000.149283 -00.412305 000.145616 
