indiv000 000.225509 000.163682 000.017325 -00.149830 000.377563 -00.066092 
indiv001 000.289549 000.147261 000.035033 000.196440 000.198970 000.132747 
indiv002 000.216495 000.098138 000.023383 000.332474 -00.253947 -00.075563 
indiv003 000.228888 000.242046 000.031714 000.276127 -00.104430 -00.116796 
indiv004 000.250819 000.249173 000.033503 000.182707 000.097833 -00.185964 
indiv005 000.214926 000.153539 000.035877 000.116851 000.331109 -00.147697 
indiv006 000.293464 000.281416 000.027778 000.256588 -00.115419 000.025336 
indiv007 000.151339 000.156963 000.018204 000.081098 -00.281165 -00.311232 
indiv008 000.170702 000.216698 000.028259 000.331400 -00.010022 -00.242919 
indiv009 000.122979 000.264570 000.027872 000.459422 000.116789 -00.008367 
