indiv000 000.207380 000.462181 000.051697 -00.148483 000.106632 -00.023627 
indiv001 000.304156 000.378637 000.000224 000.181445 000.040140 000.095397 
indiv002 000.257974 -00.044868 000.030267 000.381965 000.111112 000.173814 
indiv003 000.063497 -00.111657 000.021173 000.549508 000.244782 -00.009383 
indiv004 000.147252 000.193037 000.096538 000.477851 000.081882 000.003441 
indiv005 000.033090 000.325169 000.125931 000.235585 000.140822 -00.139402 
indiv006 000.177825 000.098237 000.060314 000.292243 000.048916 000.322464 
indiv007 000.146242 000.585104 000.091864 000.051455 -00.012175 000.113160 
indiv008 000.205394 000.361817 000.000766 000.058132 000.138483 000.235408 
indiv009 000.329447 000.248003 -00.025430 000.217812 000.090670 000.088638 
