indiv000 000.209908 000.119627 000.053226 000.208698 -00.199548 -00.208993 
indiv001 000.162598 000.195719 000.053704 000.148464 -00.428028 -00.011488 
indiv002 000.248692 000.098319 000.016799 000.242579 -00.314717 -00.078893 
indiv003 000.077844 000.318031 000.048437 -00.128730 -00.095262 000.331696 
indiv004 000.118694 000.099927 000.066923 000.399396 -00.250713 000.064347 
indiv005 000.331824 000.148686 000.026045 000.054553 -00.246214 -00.192678 
indiv006 000.053642 000.132272 000.002354 000.254866 -00.360095 000.196772 
indiv007 000.156179 000.112904 000.039845 000.202677 -00.307978 -00.180417 
indiv008 000.146998 000.130953 000.045013 000.051748 -00.469171 -00.156118 
indiv009 000.220725 000.124275 000.084511 000.323958 -00.134524 000.112007 
