indiv000 000.230958 000.353791 000.054678 -00.121450 000.113677 -00.125445 
indiv001 000.107704 000.280601 000.057985 000.153186 -00.126869 000.273655 
indiv002 000.354682 000.061481 000.020273 000.214103 000.139585 -00.209875 
indiv003 000.191115 000.073287 000.070416 000.287784 000.293558 000.083840 
indiv004 -00.083013 000.210736 000.005882 000.414092 000.060698 -00.225578 
indiv005 000.338950 000.279260 000.046755 -00.040811 000.259347 000.034877 
indiv006 000.146401 000.243539 000.073074 000.346747 000.008890 -00.181350 
indiv007 -00.090707 000.096827 000.106715 000.421604 -00.246893 -00.037254 
indiv008 000.430084 000.076394 000.045662 -00.136324 000.306545 000.004991 
indiv009 000.300553 000.346910 000.053786 000.121407 000.129410 000.047935 
