indiv000 000.182406 000.071479 000.053831 000.393262 -00.110098 000.188924 
indiv001 000.202585 000.103948 000.133897 000.400470 -00.131288 000.027812 
indiv002 000.281518 000.142923 000.038102 000.288295 -00.179459 -00.069704 
indiv003 000.339812 000.162995 000.036016 000.261466 -00.166647 000.033065 
indiv004 000.211438 000.206776 -00.003761 -00.120765 -00.299563 000.157697 
indiv005 000.220312 000.199842 000.032197 000.132178 -00.270283 000.145189 
indiv006 000.427278 000.154139 -00.017154 000.269165 000.107533 000.024730 
indiv007 000.247664 000.229465 000.029966 000.084753 -00.317977 000.090175 
indiv008 000.139383 000.097558 000.064408 000.464345 -00.138180 000.096125 
indiv009 000.143993 000.169009 000.059788 000.304110 -00.295805 -00.027295 
