indiv000 000.209908 000.119627 000.053226 000.208698 -00.199548 -00.208993 
indiv001 000.162598 000.195719 000.053704 000.148464 -00.428028 -00.011488 
indiv002 000.248692 000.098319 000.016799 000.242579 -00.314717 -00.078893 
indiv003 000.072536 000.071658 000.026259 000.431704 -00.088766 000.309076 
indiv004 000.118694 000.099927 000.066923 000.399396 -00.250713 000.064347 
indiv005 000.331824 000.148686 000.026045 000.054553 -00.246214 -00.192678 
indiv006 000.053642 000.132272 000.002354 000.254866 -00.360095 000.196772 
indiv007 000.158709 000.127647 000.011376 000.205961 -00.312967 -00.183340 
indiv008 000.255845 000.200552 000.058353 000.130981 -00.033303 000.320967 
indiv009 000.220725 000.124275 000.084511 000.323958 -00.134524 000.112007 
