indiv000 000.226593 000.094189 000.105194 000.203229 000.262707 000.108088 
indiv001 000.230236 000.221889 000.146826 000.023976 000.227291 000.149780 
indiv002 -00.228257 000.151122 000.202369 000.030045 000.172001 000.216206 
indiv003 000.051632 000.135636 000.232691 000.073705 000.238861 000.267475 
indiv004 -00.073770 000.168494 000.027143 000.233495 000.465061 -00.032037 
indiv005 000.051792 000.335141 000.181197 -00.009119 000.258245 000.164506 
indiv006 000.032805 000.194137 000.066788 000.064285 000.354094 000.287890 
indiv007 -00.082377 000.360326 000.176339 000.101857 000.210749 000.068352 
indiv008 000.264769 000.265406 000.065205 000.077622 000.266349 000.060650 
indiv009 000.358695 000.153340 000.006232 000.105573 000.175015 000.201146 
