indiv000 -00.256979 -00.019471 000.124359 000.069738 000.190406 000.339047 
indiv001 000.126203 000.130823 000.127196 000.102513 000.303276 000.209989 
indiv002 -00.228257 000.151122 000.202369 000.030045 000.172001 000.216206 
indiv003 -00.065234 000.178361 000.098544 000.096921 000.209213 000.351727 
indiv004 000.294957 000.132403 000.021329 000.183481 000.297057 -00.070773 
indiv005 -00.177110 000.113937 000.189373 000.020935 000.269897 000.228748 
indiv006 000.377204 000.157245 000.037150 000.120289 000.196959 -00.111153 
indiv007 000.259001 000.277655 000.135881 000.112397 000.162396 000.052670 
indiv008 000.336998 000.252491 000.082993 000.078981 000.172499 000.076038 
indiv009 000.358695 000.153340 000.006232 000.105573 000.175015 000.201146 
