indiv000 000.355622 000.167376 -00.016482 -00.159264 -00.227284 000.073972 
indiv001 000.177377 000.290795 000.030988 000.137113 000.278038 -00.085689 
indiv002 000.314961 000.382485 -00.012988 000.090236 000.160201 000.039130 
indiv003 -00.139302 000.478688 -00.000706 -00.084155 -00.275386 000.021763 
indiv004 -00.119705 000.362853 000.040150 000.135599 000.252756 -00.088937 
indiv005 000.581972 000.061014 -00.011427 -00.028412 -00.016720 -00.300455 
indiv006 -00.019360 000.345507 -00.007283 000.097102 000.053881 000.476866 
indiv007 000.328446 000.195018 000.023056 000.243603 000.181210 -00.028668 
indiv008 000.217360 000.173136 000.030184 -00.039272 000.359191 000.180857 
indiv009 -00.168063 000.505564 000.036968 000.113905 -00.084773 -00.090727 
