indiv000 000.102049 -00.043152 000.013264 000.330932 -00.479370 -00.031233 
indiv001 000.248314 -00.026687 000.002037 000.524254 000.174898 000.023809 
indiv002 000.118580 000.133286 000.002415 000.267652 000.436109 -00.041958 
indiv003 000.217320 000.281337 000.071923 000.031752 -00.307394 000.090272 
indiv004 000.056339 000.012147 000.045435 000.113730 -00.721286 000.051063 
indiv005 000.204574 000.052439 000.015596 -00.452804 000.229382 -00.045205 
indiv006 000.098087 000.125694 -00.025535 -00.315050 -00.346905 -00.088729 
indiv007 000.206481 000.057891 000.007162 000.259426 000.402499 000.066542 
indiv008 000.186291 000.090691 000.008985 000.313474 -00.376474 000.024085 
indiv009 000.311375 000.234669 000.016140 000.218621 000.148290 000.070905 
