indiv000 000.355622 000.167376 -00.016482 -00.159264 -00.227284 000.073972 
indiv001 000.177377 000.290795 000.030988 000.137113 000.278038 -00.085689 
indiv002 000.314961 000.382485 -00.012988 000.090236 000.160201 000.039130 
indiv003 000.395977 -00.076906 -00.027249 -00.076348 000.208521 000.214999 
indiv004 000.272028 000.146128 -00.035285 000.179511 000.184422 000.182626 
indiv005 000.316941 000.207933 -00.076366 -00.032783 -00.019293 -00.346683 
indiv006 -00.019360 000.345507 -00.007283 000.097102 000.053881 000.476866 
indiv007 000.328446 000.195018 000.023056 000.243603 000.181210 -00.028668 
indiv008 000.217360 000.173136 000.030184 -00.039272 000.359191 000.180857 
indiv009 -00.153556 000.461924 000.038897 000.104073 000.158655 -00.082895 
