indiv000 000.317052 -00.104765 000.061975 -00.146986 000.316006 000.053216 
indiv001 000.284509 000.393978 000.045988 000.000896 -00.164351 000.110277 
indiv002 000.155057 000.127268 000.101570 000.284246 -00.225546 000.106313 
indiv003 000.484473 000.247793 000.025862 000.101598 000.118298 000.021975 
indiv004 000.230374 -00.025688 000.061367 000.368160 000.112196 000.202215 
indiv005 000.309427 000.104614 000.027049 000.104544 -00.421498 000.032868 
indiv006 000.224687 000.046990 000.134043 000.532147 -00.059698 -00.002436 
indiv007 000.052303 -00.120557 000.128976 000.534979 -00.061168 000.102017 
indiv008 -00.219635 000.252087 000.061613 000.369923 000.076936 000.019806 
indiv009 000.131395 000.182016 000.088438 000.200823 -00.188357 -00.208971 
