indiv000 000.462952 000.182305 000.049097 -00.140973 000.151397 000.013277 
indiv001 000.172757 000.141103 000.022611 000.128675 -00.440159 -00.094696 
indiv002 -00.093059 000.206415 000.091456 000.022494 000.461964 000.124612 
indiv003 000.220570 000.046676 000.041586 000.417605 000.218456 000.055107 
indiv004 000.035260 000.119981 000.070277 -00.216480 000.469275 000.088727 
indiv005 000.187490 000.004041 000.010484 000.220003 000.466485 000.111496 
indiv006 000.280993 000.166258 000.023153 000.229711 000.157240 -00.142646 
indiv007 000.054420 000.091890 000.032825 000.449539 000.307718 000.063609 
indiv008 000.231693 -00.080357 -00.035018 000.470611 -00.145595 000.036725 
indiv009 000.147861 000.156753 000.031990 -00.193857 -00.404338 -00.065201 
