indiv000 000.190885 000.229870 000.024810 000.024547 -00.471465 -00.058422 
indiv001 000.248314 -00.026687 000.002037 000.524254 000.174898 000.023809 
indiv002 000.552646 -00.015916 000.004859 000.012430 -00.370596 -00.043552 
indiv003 000.217320 000.281337 000.071923 000.031752 -00.307394 000.090272 
indiv004 000.324403 -00.012362 000.064123 000.153780 -00.296693 -00.148639 
indiv005 000.204574 000.052439 000.015596 -00.452804 000.229382 -00.045205 
indiv006 000.251615 000.266528 -00.041831 -00.276810 000.126952 -00.036264 
indiv007 000.374951 000.011833 000.020040 -00.318278 000.259203 -00.015695 
indiv008 000.215585 000.176708 000.017507 -00.101490 -00.474238 000.014472 
indiv009 000.311375 000.234669 000.016140 000.218621 000.148290 000.070905 
