indiv000 000.254355 -00.043056 -00.010948 000.336511 -00.321757 000.033373 
indiv001 000.233993 000.113108 000.078756 000.213423 -00.314516 -00.046203 
indiv002 000.279811 -00.170483 000.118361 000.178680 -00.090235 000.162431 
indiv003 000.218656 000.162560 000.016737 000.216187 -00.143852 -00.242007 
indiv004 000.300248 000.001038 000.001540 000.138851 -00.306674 000.251650 
indiv005 000.245249 000.140162 000.020555 000.068391 -00.479213 000.046429 
indiv006 000.244590 000.189971 000.072098 000.207428 -00.226775 -00.059138 
indiv007 000.446953 000.002389 000.071918 000.093868 -00.359664 000.025208 
indiv008 000.288741 000.142231 000.033486 000.091533 -00.402042 -00.041967 
indiv009 000.186729 000.131913 000.021690 000.148818 -00.343697 000.167154 
