indiv000 000.209908 000.119627 000.053226 000.208698 -00.199548 -00.208993 
indiv001 000.162598 000.195719 000.053704 000.148464 -00.428028 -00.011488 
indiv002 000.404164 000.087142 000.054701 000.131766 -00.257642 -00.064585 
indiv003 000.062381 000.254855 000.024051 000.279493 -00.076339 000.302882 
indiv004 000.118694 000.099927 000.066923 000.399396 -00.250713 000.064347 
indiv005 000.328973 000.047857 000.096176 000.165848 -00.149862 -00.211284 
indiv006 000.151853 000.093926 000.070724 000.357050 -00.294944 000.031503 
indiv007 000.171562 000.265912 000.012993 000.013033 -00.338313 -00.198187 
indiv008 000.049329 000.167948 000.036660 000.182356 -00.304272 000.259435 
indiv009 000.109459 000.095199 000.085363 000.248164 -00.294664 000.167152 
