indiv000 000.050710 000.268662 000.041831 000.159212 -00.216072 000.263513 
indiv001 000.345258 000.088544 -00.055420 -00.153309 -00.055545 -00.301925 
indiv002 000.296905 000.393863 -00.015652 000.129952 000.089904 -00.073725 
indiv003 000.072106 000.239052 000.034161 000.347402 000.262061 000.045218 
indiv004 000.206359 000.036390 -00.074907 000.211000 000.340647 000.130696 
indiv005 000.256829 000.245272 000.066591 -00.300944 000.084687 -00.045677 
indiv006 -00.132461 000.358302 -00.046191 000.131978 000.231254 000.099814 
indiv007 000.231852 000.025881 000.073826 -00.125129 -00.484607 -00.058705 
indiv008 000.192427 000.264020 000.064865 -00.153396 000.264958 000.060333 
indiv009 000.347875 000.387846 000.123833 -00.068611 000.020540 000.051295 
