indiv000 -00.060475 000.185118 000.012833 000.158824 000.436033 -00.146717 
indiv001 000.177377 000.290795 000.030988 000.137113 000.278038 -00.085689 
indiv002 000.343391 -00.011370 000.008160 000.284358 000.301959 -00.050761 
indiv003 -00.098338 000.569977 000.062507 -00.059408 -00.194406 000.015363 
indiv004 000.221788 000.246297 000.058456 000.151586 000.282554 -00.039319 
indiv005 -00.346107 000.067852 000.165303 -00.255661 -00.157122 000.007956 
indiv006 000.267804 000.233920 -00.004931 000.065741 -00.408885 000.018718 
indiv007 000.328446 000.195018 000.023056 000.243603 000.181210 -00.028668 
indiv008 -00.232136 000.396696 000.124566 -00.011706 000.177477 -00.057420 
indiv009 000.193437 000.212134 000.001103 000.138601 000.342514 -00.112212 
