indiv000 000.209908 000.119627 000.053226 000.208698 -00.199548 -00.208993 
indiv001 000.162598 000.195719 000.053704 000.148464 -00.428028 -00.011488 
indiv002 000.239732 000.140995 000.016194 000.319574 -00.207455 -00.076050 
indiv003 000.082920 000.081918 000.048203 000.332158 -00.101475 000.353327 
indiv004 000.118694 000.099927 000.066923 000.399396 -00.250713 000.064347 
indiv005 000.331824 000.148686 000.026045 000.054553 -00.246214 -00.192678 
indiv006 000.326076 000.114179 000.003132 000.163976 -00.108314 -00.284323 
indiv007 000.273787 000.110138 000.019619 000.355183 -00.185910 -00.055362 
indiv008 000.251397 000.123836 -00.002683 000.079695 -00.350044 000.192344 
indiv009 000.220725 000.124275 000.084511 000.323958 -00.134524 000.112007 
