indiv000 000.252658 000.061372 000.011441 000.053584 000.582186 -00.038759 
indiv001 000.266625 000.169802 000.073263 000.101060 -00.351556 -00.037694 
indiv002 000.193990 000.318262 000.011365 -00.027174 000.389465 -00.059743 
indiv003 000.121780 000.148305 000.044508 000.072597 000.528776 -00.084034 
indiv004 000.327357 000.170607 000.067697 000.123596 000.279831 -00.030912 
indiv005 000.319118 000.203135 000.043813 000.082170 000.349173 -00.002592 
indiv006 000.210718 000.060813 000.040596 000.145079 -00.336655 000.206139 
indiv007 000.173761 000.334591 000.083140 -00.017312 -00.241021 -00.150175 
indiv008 000.072198 000.213207 000.031628 -00.025454 -00.557256 -00.100257 
indiv009 000.277962 000.291685 000.058015 -00.005797 -00.315058 -00.051482 
