indiv000 000.203028 000.233703 000.024503 000.023821 000.458820 -00.056124 
indiv001 000.243761 000.263065 000.038773 000.068555 000.280905 -00.104941 
indiv002 000.128699 000.205160 -00.000853 000.083878 000.530728 -00.050683 
indiv003 000.180511 000.230776 000.014673 000.034818 000.433957 -00.105265 
indiv004 000.098351 000.192016 000.055538 000.241840 -00.373258 000.038997 
indiv005 000.338952 000.170641 000.039873 000.105633 000.180754 -00.164147 
indiv006 000.286825 000.206294 000.003217 000.196762 000.291745 000.015156 
indiv007 000.032144 000.273361 000.078239 000.305306 000.149382 -00.161569 
indiv008 000.204912 000.253066 -00.011547 000.063242 -00.461379 000.005854 
indiv009 000.082492 000.173927 000.019935 000.047691 -00.568051 -00.107904 
