indiv000 000.127643 000.058891 000.021986 000.344624 000.225324 -00.221533 
indiv001 000.012857 000.348952 000.037186 000.164534 000.333644 -00.102826 
indiv002 -00.117526 000.494332 000.017267 000.324009 000.025900 -00.020966 
indiv003 -00.189549 000.116873 000.072703 000.391783 -00.095812 -00.133280 
indiv004 -00.104549 000.142617 000.111708 000.394687 000.076445 -00.169993 
indiv005 000.049585 000.506526 000.068457 -00.059755 000.264611 000.051066 
indiv006 000.298848 000.063770 000.026252 000.060010 000.395012 000.156108 
indiv007 -00.016863 000.223721 000.041528 000.508665 000.172867 -00.036356 
indiv008 -00.134864 000.230469 000.117885 000.284247 000.103109 -00.129426 
indiv009 000.180572 000.568838 000.001030 000.027029 000.157585 000.064946 
