indiv000 000.355622 000.167376 -00.016482 -00.159264 -00.227284 000.073972 
indiv001 000.286585 000.437481 000.009527 000.048031 -00.079929 -00.138446 
indiv002 000.314961 000.382485 -00.012988 000.090236 000.160201 000.039130 
indiv003 000.250907 000.118058 -00.001163 000.186363 000.215474 -00.228036 
indiv004 000.385885 -00.042492 -00.050054 000.044389 000.261612 -00.215568 
indiv005 000.518264 -00.113950 -00.024266 -00.028242 -00.016620 -00.298658 
indiv006 -00.019360 000.345507 -00.007283 000.097102 000.053881 000.476866 
indiv007 000.328446 000.195018 000.023056 000.243603 000.181210 -00.028668 
indiv008 000.217360 000.173136 000.030184 -00.039272 000.359191 000.180857 
indiv009 000.427810 000.160865 000.002745 -00.050314 000.251390 -00.106875 
