indiv000 000.268141 000.193413 -00.029842 000.100121 000.077096 000.331386 
indiv001 -00.051689 000.316298 000.058820 -00.311129 000.223521 000.038543 
indiv002 000.299541 -00.041328 000.022049 000.136044 000.160570 000.340468 
indiv003 000.315649 -00.022828 000.066557 000.384648 000.194286 -00.016032 
indiv004 000.065878 000.273033 000.028840 000.318278 000.160610 -00.153361 
indiv005 000.436651 -00.009244 000.003741 000.111917 000.221760 -00.216687 
indiv006 000.095952 000.198228 000.066126 000.338499 000.136379 000.164816 
indiv007 -00.120535 000.348765 000.096108 -00.129830 000.266503 -00.038260 
indiv008 000.236216 000.163013 000.019407 000.458894 000.038334 -00.084135 
indiv009 000.502401 -00.094249 000.032515 -00.055143 000.192247 -00.123445 
