indiv000 000.165266 000.302266 000.031692 000.030810 000.397376 -00.072590 
indiv001 000.240666 000.114836 000.002116 000.081976 -00.448434 -00.111972 
indiv002 000.355818 000.088995 -00.002357 000.022104 -00.484729 000.045997 
indiv003 000.205296 000.216547 000.021664 000.076535 000.421221 -00.058737 
indiv004 000.250819 000.249173 000.033503 000.182707 000.097833 -00.185964 
indiv005 000.338952 000.170641 000.039873 000.105633 000.180754 -00.164147 
indiv006 000.166901 000.309305 000.030456 -00.032520 000.404030 000.056788 
indiv007 000.151339 000.156963 000.018204 000.081098 -00.281165 -00.311232 
indiv008 000.084293 000.012079 000.013954 000.163646 -00.494840 -00.231188 
indiv009 000.122979 000.264570 000.027872 000.459422 000.116789 -00.008367 
