indiv000 000.165266 000.302266 000.031692 000.030810 000.397376 -00.072590 
indiv001 000.406587 000.196072 000.072088 000.139968 -00.170456 -00.014829 
indiv002 000.128699 000.205160 -00.000853 000.083878 000.530728 -00.050683 
indiv003 000.051762 000.201314 000.012799 000.117557 000.521518 000.095050 
indiv004 000.128122 000.324838 000.072349 000.315045 000.108844 000.050801 
indiv005 000.338952 000.170641 000.039873 000.105633 000.180754 -00.164147 
indiv006 000.141469 000.245141 000.014883 000.233814 000.346683 000.018010 
indiv007 000.023421 000.051754 000.057008 000.222459 000.527631 -00.117726 
indiv008 000.204912 000.253066 -00.011547 000.063242 -00.461379 000.005854 
indiv009 000.082492 000.173927 000.019935 000.047691 -00.568051 -00.107904 
