indiv000 000.330754 000.222743 -00.080481 000.151287 000.099735 000.115000 
indiv001 -00.012718 000.412956 000.124792 -00.112028 000.008641 000.328866 
indiv002 000.425046 000.194963 000.139712 -00.026067 -00.057818 -00.156394 
indiv003 -00.116220 000.475520 000.035799 000.007994 -00.251368 000.113099 
indiv004 000.233784 000.216889 000.074576 000.195206 000.246910 000.032635 
indiv005 000.374070 000.208238 000.055528 000.112474 000.175350 -00.074340 
indiv006 000.377204 000.157245 000.037150 000.120289 000.196959 -00.111153 
indiv007 -00.364851 000.176613 000.153126 000.022556 000.249351 000.033503 
indiv008 000.263832 000.257032 000.057195 000.060524 -00.315115 -00.046302 
indiv009 000.311809 000.228710 000.167389 -00.015775 000.189197 -00.087120 
