indiv000 000.206356 000.214888 000.016509 000.156315 -00.149462 000.256470 
indiv001 000.202585 000.103948 000.133897 000.400470 -00.131288 000.027812 
indiv002 000.281518 000.142923 000.038102 000.288295 -00.179459 -00.069704 
indiv003 000.327976 000.091171 000.034761 000.299204 -00.214974 000.031913 
indiv004 000.302452 000.103401 000.065224 000.232017 -00.145644 000.151263 
indiv005 000.287210 000.157765 000.025790 000.093298 -00.246662 000.189276 
indiv006 000.151853 000.093926 000.070724 000.357050 -00.294944 000.031503 
indiv007 000.247664 000.229465 000.029966 000.084753 -00.317977 000.090175 
indiv008 000.236482 000.149836 000.098922 000.154901 -00.212225 000.147635 
indiv009 000.156405 000.114743 000.104384 000.267953 -00.321303 -00.035214 
