indiv000 000.346583 000.141591 000.014488 000.229886 -00.219807 000.047644 
indiv001 000.162598 000.195719 000.053704 000.148464 -00.428028 -00.011488 
indiv002 000.239732 000.140995 000.016194 000.319574 -00.207455 -00.076050 
indiv003 000.230176 000.082898 000.048780 000.336132 -00.102689 000.199326 
indiv004 000.213662 000.128844 000.040880 -00.046542 -00.348652 000.221420 
indiv005 000.414721 000.112751 000.041373 -00.008312 -00.385495 000.037349 
indiv006 000.295835 000.155516 000.040966 000.117860 -00.260010 -00.129813 
indiv007 000.369745 000.108666 000.064959 000.313175 -00.102523 -00.040932 
indiv008 000.251397 000.123836 -00.002683 000.079695 -00.350044 000.192344 
indiv009 000.185256 000.136674 000.023606 000.147644 -00.340985 000.165835 
