indiv000 -00.034511 000.175876 -00.021022 000.115611 -00.617826 000.035154 
indiv001 000.364719 -00.012418 000.021405 -00.078092 -00.348418 000.174948 
indiv002 000.006249 -00.062442 000.076203 000.381938 -00.291561 000.181608 
indiv003 000.059468 -00.064555 000.048890 000.251435 -00.435039 -00.140613 
indiv004 000.162019 000.001939 -00.008334 000.202046 -00.360036 000.265627 
indiv005 -00.172854 000.090629 000.010607 000.211310 -00.405805 000.108795 
indiv006 -00.245035 000.196507 -00.052436 000.033292 -00.390290 -00.082440 
indiv007 000.183900 000.002197 000.042161 000.238187 -00.411300 000.122255 
indiv008 000.201933 000.115588 000.058155 000.263490 -00.326729 -00.034105 
indiv009 000.192508 000.205288 -00.040836 000.068920 -00.475598 000.016849 
