indiv000 000.152011 000.035187 -00.008364 000.132346 -00.521181 000.150911 
indiv001 000.064394 000.072615 -00.022499 000.161225 -00.501281 000.177985 
indiv002 000.109926 000.052226 000.051517 000.356358 -00.306561 -00.123412 
indiv003 000.051214 000.172749 000.116026 -00.044172 -00.283347 -00.332492 
indiv004 000.368447 000.039783 -00.005832 000.339840 000.239441 -00.006657 
indiv005 -00.037139 000.063049 000.013280 000.527763 -00.257866 -00.100903 
indiv006 000.071001 000.077418 000.010524 000.446682 000.307779 000.086596 
indiv007 -00.137195 000.005316 000.023562 000.576375 -00.214236 -00.043317 
indiv008 -00.064206 000.004478 -00.027191 000.469733 -00.415083 -00.019309 
indiv009 000.164110 000.104532 000.009898 000.386658 000.283738 000.051064 
