indiv000 000.062514 000.268838 000.015307 000.617599 000.033527 -00.002215 
indiv001 -00.070331 000.318833 000.048322 000.392340 000.074617 -00.095556 
indiv002 000.528734 000.070905 000.101015 -00.102574 -00.162127 -00.034644 
indiv003 000.067681 000.059245 000.111275 000.566864 000.051628 -00.143307 
indiv004 000.255705 000.156277 000.018053 000.307082 000.095599 -00.167284 
indiv005 000.495721 000.194415 000.106614 -00.028412 000.150557 000.024281 
indiv006 000.215878 000.169915 000.123412 000.087716 000.264403 -00.138675 
indiv007 -00.112716 000.195008 000.132608 000.150256 -00.306798 -00.102614 
indiv008 000.223833 -00.013612 000.023764 000.400477 -00.213714 -00.124601 
indiv009 000.323322 000.326820 000.057860 000.027522 000.139214 -00.125261 
