indiv000 000.245700 -00.018402 000.001029 000.457246 000.035551 000.242071 
indiv001 000.300727 000.244267 000.065248 -00.186764 000.109756 -00.093238 
indiv002 000.535585 000.017717 -00.001900 -00.104593 000.074116 000.266090 
indiv003 000.136177 000.163971 000.049394 000.516368 000.052118 000.081972 
indiv004 000.377932 000.198714 000.020990 000.129202 000.116892 -00.156270 
indiv005 -00.050385 000.366845 000.092097 000.081623 000.087729 -00.321321 
indiv006 -00.102854 000.085553 000.023203 000.721489 000.009070 000.057831 
indiv007 000.383447 000.114168 000.058672 -00.330960 000.041347 -00.071407 
indiv008 000.609193 000.029848 000.002555 000.177718 -00.056029 000.124656 
indiv009 000.354977 -00.030485 -00.013424 000.107037 -00.046946 000.447132 
