indiv000 000.050710 000.268662 000.041831 000.159212 -00.216072 000.263513 
indiv001 000.345258 000.088544 -00.055420 -00.153309 -00.055545 -00.301925 
indiv002 000.296905 000.393863 -00.015652 000.129952 000.089904 -00.073725 
indiv003 000.072106 000.239052 000.034161 000.347402 000.262061 000.045218 
indiv004 000.422067 -00.000876 000.026040 000.168530 000.272083 -00.110404 
indiv005 000.256829 000.245272 000.066591 -00.300944 000.084687 -00.045677 
indiv006 -00.132461 000.358302 -00.046191 000.131978 000.231254 000.099814 
indiv007 000.246202 000.173006 000.119014 000.146804 -00.280941 -00.034033 
indiv008 000.192427 000.264020 000.064865 -00.153396 000.264958 000.060333 
indiv009 000.219675 000.244916 000.078198 -00.275739 000.075468 -00.106004 
