indiv000 000.302501 000.356977 000.037879 000.094851 -00.195660 -00.012132 
indiv001 000.327291 000.318948 000.032811 000.005170 000.259733 000.056047 
indiv002 000.119875 000.139905 000.060873 000.065523 000.397217 000.216606 
indiv003 -00.187849 000.331558 000.042522 000.183036 000.138072 000.116963 
indiv004 000.247409 -00.000513 000.083916 000.395140 000.159491 -00.113531 
indiv005 000.291178 000.140775 000.025949 000.346476 000.104376 -00.091246 
indiv006 000.398719 000.076862 000.003465 000.337247 000.162295 000.021412 
indiv007 000.007872 000.415229 000.081151 000.434629 -00.034644 -00.026476 
indiv008 000.099306 000.154541 000.057231 000.406235 000.191458 000.091230 
indiv009 000.263228 -00.040696 000.071315 000.352710 000.090430 000.181620 
