indiv000 000.244108 000.284824 000.030567 000.211930 000.218780 -00.009790 
indiv001 000.156209 000.305577 000.061694 000.383947 -00.003081 -00.089492 
indiv002 000.048352 000.342216 000.111491 000.040835 000.100603 -00.356502 
indiv003 000.113572 000.081866 000.087644 000.035625 000.381608 -00.299685 
indiv004 000.039663 000.273845 000.000493 -00.270773 000.198638 -00.216589 
indiv005 000.331549 000.168107 -00.052749 000.383610 000.039433 -00.024552 
indiv006 000.133420 000.080129 000.100838 000.486953 000.126889 -00.071770 
indiv007 -00.142178 000.362080 000.106237 -00.168023 000.199891 000.021591 
indiv008 000.099306 000.154541 000.057231 000.406235 000.191458 000.091230 
indiv009 000.237617 -00.007190 000.020861 000.453395 000.013849 000.267088 
