indiv000 000.373505 000.245774 000.013994 000.032338 000.267588 -00.066801 
indiv001 000.175227 000.257095 000.053127 000.147579 -00.116241 000.250731 
indiv002 000.365949 000.122371 000.011119 -00.115830 000.308432 -00.076298 
indiv003 000.191115 000.073287 000.070416 000.287784 000.293558 000.083840 
indiv004 000.255705 000.156277 000.018053 000.307082 000.095599 -00.167284 
indiv005 000.338950 000.279260 000.046755 -00.040811 000.259347 000.034877 
indiv006 000.146401 000.243539 000.073074 000.346747 000.008890 -00.181350 
indiv007 -00.090707 000.096827 000.106715 000.421604 -00.246893 -00.037254 
indiv008 000.223833 -00.013612 000.023764 000.400477 -00.213714 -00.124601 
indiv009 000.300553 000.346910 000.053786 000.121407 000.129410 000.047935 
