indiv000 000.653023 000.100833 000.035005 000.088037 000.074585 000.048517 
indiv001 000.149401 000.280746 000.084453 000.090612 000.332467 -00.062322 
indiv002 000.199780 000.284597 000.013188 000.172895 000.227188 -00.102352 
indiv003 000.121780 000.148305 000.044508 000.072597 000.528776 -00.084034 
indiv004 000.351892 000.173257 000.044297 000.114984 000.284178 -00.031392 
indiv005 000.165094 000.303997 000.047671 000.091621 000.264232 -00.127385 
indiv006 000.159549 000.178552 000.036886 000.131821 -00.305891 000.187301 
indiv007 000.164714 000.071601 000.019932 000.163079 -00.413929 000.166744 
indiv008 000.128978 000.257574 000.015059 000.083354 000.500843 -00.014192 
indiv009 000.156776 000.074656 000.048806 000.105788 -00.331219 -00.282755 
