indiv000 000.241296 -00.039992 000.025235 000.185973 000.472528 000.034976 
indiv001 000.168216 000.227661 000.033555 000.059329 -00.372134 -00.139106 
indiv002 000.128699 000.205160 -00.000853 000.083878 000.530728 -00.050683 
indiv003 000.214958 000.135599 000.017473 000.278463 000.228156 -00.125352 
indiv004 000.232063 000.154033 000.034356 000.175203 -00.299423 -00.104921 
indiv005 000.276237 000.231764 -00.026201 000.086310 000.245367 -00.134121 
indiv006 000.239743 000.048132 -00.034412 000.177345 -00.486708 000.013661 
indiv007 000.302343 000.178775 000.001350 000.262740 000.122403 -00.132389 
indiv008 000.204912 000.253066 -00.011547 000.063242 -00.461379 000.005854 
indiv009 000.087237 000.191979 000.022004 000.052641 -00.627011 -00.019127 
