indiv000 000.182406 000.071479 000.053831 000.393262 -00.110098 000.188924 
indiv001 000.202585 000.103948 000.133897 000.400470 -00.131288 000.027812 
indiv002 000.281518 000.142923 000.038102 000.288295 -00.179459 -00.069704 
indiv003 000.419197 000.168178 000.044430 000.322548 -00.004857 000.040789 
indiv004 000.397839 000.136011 000.085794 000.305190 -00.041061 -00.034105 
indiv005 000.287210 000.157765 000.025790 000.093298 -00.246662 000.189276 
indiv006 000.427278 000.154139 -00.017154 000.269165 000.107533 000.024730 
indiv007 000.247664 000.229465 000.029966 000.084753 -00.317977 000.090175 
indiv008 000.236482 000.149836 000.098922 000.154901 -00.212225 000.147635 
indiv009 000.143993 000.169009 000.059788 000.304110 -00.295805 -00.027295 
