indiv000 -00.076267 000.266713 000.048624 000.181151 000.289543 000.137701 
indiv001 -00.011536 000.303777 000.026210 -00.200843 -00.124430 000.333204 
indiv002 000.311208 000.270439 000.015181 000.078206 -00.179895 -00.145072 
indiv003 -00.251162 000.212999 000.016181 000.156367 000.312168 000.051122 
indiv004 -00.517392 000.188585 000.031264 000.188131 000.046252 000.028376 
indiv005 000.337738 000.166846 000.014555 -00.147225 -00.217754 000.115882 
indiv006 000.361238 000.134305 000.032285 000.104537 000.267011 000.100623 
indiv007 -00.364851 000.176613 000.153126 000.022556 000.249351 000.033503 
indiv008 000.263832 000.257032 000.057195 000.060524 -00.315115 -00.046302 
indiv009 000.005010 000.248816 000.007780 000.207351 000.405167 -00.125875 
