indiv000 000.167590 -00.004686 000.074513 000.342909 000.103262 -00.307040 
indiv001 000.343601 000.247613 000.025860 000.228493 -00.092420 000.062012 
indiv002 000.155057 000.127268 000.101570 000.284246 -00.225546 000.106313 
indiv003 000.484473 000.247793 000.025862 000.101598 000.118298 000.021975 
indiv004 000.230374 -00.025688 000.061367 000.368160 000.112196 000.202215 
indiv005 000.309427 000.104614 000.027049 000.104544 -00.421498 000.032868 
indiv006 000.393807 000.141319 000.018208 000.192897 -00.150475 000.103294 
indiv007 000.167666 000.114822 000.068024 000.260913 -00.264813 000.123762 
indiv008 000.548124 -00.002516 -00.029285 000.075494 -00.332979 000.011602 
indiv009 000.162369 000.097859 000.017272 000.107971 000.394546 000.219983 
