indiv000 000.152011 000.035187 -00.008364 000.132346 -00.521181 000.150911 
indiv001 000.066763 000.014411 000.020276 000.140987 -00.519719 -00.237844 
indiv002 000.102792 000.069414 000.092494 000.333231 -00.286666 -00.115403 
indiv003 000.161865 000.061312 000.014026 000.137102 -00.607645 000.018049 
indiv004 000.184840 000.087389 000.053940 000.170489 000.500002 -00.003340 
indiv005 000.351218 000.058302 000.016954 -00.177255 -00.329200 000.067071 
indiv006 000.071001 000.077418 000.010524 000.446682 000.307779 000.086596 
indiv007 -00.137195 000.005316 000.023562 000.576375 -00.214236 -00.043317 
indiv008 000.028757 000.002960 -00.017975 000.307780 -00.537456 -00.105072 
indiv009 000.101531 000.084625 000.011236 000.490844 000.175541 -00.136223 
