indiv000 000.144396 -00.099164 000.064200 -00.135780 000.291914 -00.264546 
indiv001 000.284509 000.393978 000.045988 000.000896 -00.164351 000.110277 
indiv002 000.155057 000.127268 000.101570 000.284246 -00.225546 000.106313 
indiv003 000.484473 000.247793 000.025862 000.101598 000.118298 000.021975 
indiv004 000.230374 -00.025688 000.061367 000.368160 000.112196 000.202215 
indiv005 000.309427 000.104614 000.027049 000.104544 -00.421498 000.032868 
indiv006 000.259912 000.054357 000.031574 000.122973 -00.528367 -00.002818 
indiv007 000.052303 -00.120557 000.128976 000.534979 -00.061168 000.102017 
indiv008 000.274193 -00.003652 000.052390 -00.257299 000.395625 000.016841 
indiv009 000.131395 000.182016 000.088438 000.200823 -00.188357 -00.208971 
