indiv000 000.653023 000.100833 000.035005 000.088037 000.074585 000.048517 
indiv001 000.302301 000.080092 -00.002823 000.071661 000.374876 -00.168248 
indiv002 000.513847 -00.042133 000.013192 000.172946 000.155499 -00.102383 
indiv003 000.121780 000.148305 000.044508 000.072597 000.528776 -00.084034 
indiv004 000.423956 000.055478 000.025429 000.138532 000.342376 -00.014229 
indiv005 000.164277 000.322871 000.032003 000.091168 000.262926 -00.126755 
indiv006 000.249984 000.200838 000.023071 000.119843 000.346985 000.059279 
indiv007 000.164714 000.071601 000.019932 000.163079 -00.413929 000.166744 
indiv008 000.688585 000.062643 000.013510 000.173576 000.038914 -00.022771 
indiv009 000.195156 000.092932 000.004708 000.149283 -00.412305 000.145616 
