indiv000 000.252658 000.061372 000.011441 000.053584 000.582186 -00.038759 
indiv001 000.187416 000.332985 000.074784 000.086466 -00.287521 -00.030828 
indiv002 000.031832 000.296589 000.050095 -00.066196 000.325171 -00.230116 
indiv003 000.205981 000.253935 000.061582 000.109862 -00.306605 000.062036 
indiv004 000.210340 000.123616 000.060778 000.003649 000.573864 -00.027752 
indiv005 000.222988 000.213118 000.021444 000.202593 000.193641 -00.146216 
indiv006 000.189943 000.300862 000.070667 -00.042198 -00.238399 -00.157932 
indiv007 000.152923 000.343611 000.040921 -00.014029 -00.178176 -00.270340 
indiv008 000.392635 000.025242 000.055825 000.034448 000.392025 000.099826 
indiv009 -00.011272 000.353326 000.118391 000.131809 -00.207159 -00.178043 
