indiv000 -00.060475 000.185118 000.012833 000.158824 000.436033 -00.146717 
indiv001 000.177377 000.290795 000.030988 000.137113 000.278038 -00.085689 
indiv002 000.343391 -00.011370 000.008160 000.284358 000.301959 -00.050761 
indiv003 -00.107378 000.395856 000.068253 -00.026961 000.259262 -00.142290 
indiv004 000.221788 000.246297 000.058456 000.151586 000.282554 -00.039319 
indiv005 000.066805 000.458830 000.092231 000.121603 000.248367 000.012165 
indiv006 000.309654 000.270474 000.053054 000.111415 000.181868 -00.073533 
indiv007 000.328446 000.195018 000.023056 000.243603 000.181210 -00.028668 
indiv008 -00.232136 000.396696 000.124566 -00.011706 000.177477 -00.057420 
indiv009 000.193437 000.212134 000.001103 000.138601 000.342514 -00.112212 
