indiv000 000.462952 000.182305 000.049097 -00.140973 000.151397 000.013277 
indiv001 000.407825 000.268604 -00.021569 -00.059669 -00.118301 -00.124032 
indiv002 -00.093059 000.206415 000.091456 000.022494 000.461964 000.124612 
indiv003 000.281817 000.179748 000.006822 000.225926 -00.156994 -00.148693 
indiv004 000.068628 000.179468 000.038491 -00.422565 -00.158131 000.132717 
indiv005 -00.055281 000.118778 000.069905 000.217778 000.383646 000.154612 
indiv006 000.413554 000.127832 000.034956 000.057438 -00.156280 -00.209940 
indiv007 000.138871 000.078363 000.027993 -00.061695 -00.613622 000.079456 
indiv008 000.454760 000.226934 -00.016066 000.219895 -00.048148 -00.034197 
indiv009 000.244687 000.150570 000.025573 000.307180 000.223452 -00.048537 
