indiv000 000.050310 000.096545 000.006539 000.310166 000.514920 000.021520 
indiv001 000.248314 -00.026687 000.002037 000.524254 000.174898 000.023809 
indiv002 000.337127 000.230097 000.002168 000.240285 000.182123 000.008200 
indiv003 000.027536 000.111279 000.024817 000.155695 -00.664692 -00.015980 
indiv004 000.056339 000.012147 000.045435 000.113730 -00.721286 000.051063 
indiv005 000.189981 000.323376 000.014484 -00.195167 000.213019 -00.063972 
indiv006 000.175754 000.068808 000.026170 -00.349452 -00.281399 -00.098418 
indiv007 000.120488 000.033781 000.016929 000.151383 -00.666710 -00.010709 
indiv008 000.294784 000.219602 000.006934 -00.065746 -00.342528 -00.070406 
indiv009 000.109250 000.101508 000.010054 000.247592 -00.487423 000.044172 
