indiv000 -00.244870 000.186070 000.191246 000.195962 000.077631 000.104222 
indiv001 -00.025197 000.310211 -00.062522 -00.281313 000.244037 -00.076720 
indiv002 000.301694 000.242597 -00.117430 000.028073 000.235292 -00.074914 
indiv003 000.384787 000.284070 000.037803 -00.087356 000.155947 000.050038 
indiv004 000.184290 000.147411 000.070197 000.184950 000.298592 000.114561 
indiv005 -00.107466 000.458410 -00.037317 -00.010439 000.198042 000.188326 
indiv006 000.242869 000.312703 -00.040312 000.115182 000.201824 000.087111 
indiv007 000.434218 000.236328 -00.026298 000.182027 000.075743 -00.045386 
indiv008 000.192427 000.264020 000.064865 -00.153396 000.264958 000.060333 
indiv009 000.528371 000.225875 000.059216 000.055130 000.049258 000.082149 
