indiv000 000.275161 000.060174 000.011218 000.052538 -00.531699 -00.069210 
indiv001 000.266625 000.169802 000.073263 000.101060 -00.351556 -00.037694 
indiv002 000.199780 000.284597 000.013188 000.172895 000.227188 -00.102352 
indiv003 000.121780 000.148305 000.044508 000.072597 000.528776 -00.084034 
indiv004 000.327357 000.170607 000.067697 000.123596 000.279831 -00.030912 
indiv005 000.165094 000.303997 000.047671 000.091621 000.264232 -00.127385 
indiv006 000.210718 000.060813 000.040596 000.145079 -00.336655 000.206139 
indiv007 000.085462 000.164564 000.051762 -00.008515 000.555221 -00.134475 
indiv008 000.394023 000.346856 000.075324 000.088605 000.016251 -00.078941 
indiv009 000.144901 000.239979 000.045110 000.120623 -00.306132 -00.143255 
