indiv000 -00.048586 000.170038 000.067773 000.134031 000.345569 000.234003 
indiv001 000.207661 000.287562 000.045455 -00.190153 000.087299 000.181870 
indiv002 000.235355 000.145982 000.024441 -00.302516 -00.130338 000.161368 
indiv003 -00.207850 000.493365 000.072922 000.172183 000.018427 000.035253 
indiv004 000.272741 000.358128 000.042376 000.176609 000.132830 -00.017316 
indiv005 000.309427 000.104614 000.027049 000.104544 -00.421498 000.032868 
indiv006 -00.150072 000.529447 000.114722 000.171870 -00.032561 -00.001329 
indiv007 -00.046079 000.160364 000.074449 -00.314518 -00.229633 000.174957 
indiv008 000.357902 000.133610 000.079313 -00.102347 -00.198735 -00.128093 
indiv009 000.131395 000.182016 000.088438 000.200823 -00.188357 -00.208971 
