indiv000 000.244410 000.176296 000.025132 -00.344276 000.070273 000.139612 
indiv001 000.176402 000.211613 000.107079 000.313051 000.127672 -00.064182 
indiv002 000.352035 -00.043341 000.034658 000.142669 -00.141451 000.285846 
indiv003 000.063497 -00.111657 000.021173 000.549508 000.244782 -00.009383 
indiv004 000.294310 000.090473 000.042053 -00.337145 000.234193 000.001826 
indiv005 000.049965 000.370038 000.013162 -00.382597 000.045085 000.139153 
indiv006 000.095952 000.198228 000.066126 000.338499 000.136379 000.164816 
indiv007 000.114511 000.357235 000.034655 -00.169395 000.274284 -00.049920 
indiv008 000.299649 000.158568 000.045220 000.261642 000.186952 -00.047970 
indiv009 000.324919 000.197545 000.044265 -00.064427 000.224614 -00.144229 
