indiv000 000.241296 -00.039992 000.025235 000.185973 000.472528 000.034976 
indiv001 000.148793 -00.042487 000.029680 000.326832 -00.329164 -00.123044 
indiv002 000.403891 000.305387 -00.000947 000.078405 000.155075 -00.056295 
indiv003 000.334058 000.115027 000.014822 000.236217 000.193542 -00.106335 
indiv004 000.134181 000.172687 000.013318 000.083946 000.535201 -00.060666 
indiv005 000.316363 000.276739 000.014345 000.098847 000.259073 -00.034633 
indiv006 000.209533 000.500176 -00.023495 -00.143984 000.110873 000.011939 
indiv007 000.302343 000.178775 000.001350 000.262740 000.122403 -00.132389 
indiv008 000.204912 000.253066 -00.011547 000.063242 -00.461379 000.005854 
indiv009 000.087237 000.191979 000.022004 000.052641 -00.627011 -00.019127 
