indiv000 000.244108 000.284824 000.030567 000.211930 000.218780 -00.009790 
indiv001 000.137380 -00.065836 000.081569 000.541906 000.125485 000.047824 
indiv002 000.005756 000.573622 000.093548 -00.003414 000.024533 -00.299126 
indiv003 000.052591 -00.104859 000.040585 000.508254 000.035541 000.258170 
indiv004 -00.124813 000.543291 000.000390 -00.138381 000.157173 -00.035951 
indiv005 000.033090 000.325169 000.125931 000.235585 000.140822 -00.139402 
indiv006 000.133420 000.080129 000.100838 000.486953 000.126889 -00.071770 
indiv007 -00.057410 000.441581 000.196838 000.076479 000.205496 000.022197 
indiv008 000.229609 000.054589 000.006989 000.373423 000.261540 000.073850 
indiv009 000.237617 -00.007190 000.020861 000.453395 000.013849 000.267088 
