indiv000 000.302501 000.356977 000.037879 000.094851 -00.195660 -00.012132 
indiv001 000.227268 000.221474 000.022783 -00.112110 000.163221 -00.253143 
indiv002 000.060484 000.428080 000.011286 000.051080 000.309660 -00.139410 
indiv003 000.096204 000.243123 000.053385 000.030177 000.323253 -00.253857 
indiv004 000.121842 000.076536 000.177303 000.338421 000.229987 -00.055911 
indiv005 000.254078 000.408626 -00.048545 -00.160805 000.068267 -00.059679 
indiv006 000.370410 000.123457 000.024738 000.245207 000.150772 000.085415 
indiv007 -00.197885 000.295618 000.173819 -00.233857 000.068770 000.030051 
indiv008 000.099306 000.154541 000.057231 000.406235 000.191458 000.091230 
indiv009 -00.165601 -00.054946 000.255066 -00.036314 000.122095 000.365978 
