indiv000 -00.076267 000.266713 000.048624 000.181151 000.289543 000.137701 
indiv001 -00.012361 000.401352 000.028083 -00.108880 -00.133321 000.316004 
indiv002 000.425046 000.194963 000.139712 -00.026067 -00.057818 -00.156394 
indiv003 -00.116220 000.475520 000.035799 000.007994 -00.251368 000.113099 
indiv004 000.233784 000.216889 000.074576 000.195206 000.246910 000.032635 
indiv005 000.374070 000.208238 000.055528 000.112474 000.175350 -00.074340 
indiv006 000.361238 000.134305 000.032285 000.104537 000.267011 000.100623 
indiv007 -00.364851 000.176613 000.153126 000.022556 000.249351 000.033503 
indiv008 000.263832 000.257032 000.057195 000.060524 -00.315115 -00.046302 
indiv009 -00.126458 000.393515 000.012304 000.000056 000.185394 000.282273 
