indiv000 -00.028074 -00.022348 000.124535 000.403356 000.013068 000.408619 
indiv001 000.197652 -00.007784 000.038628 000.292720 000.082691 000.380526 
indiv002 000.155057 000.127268 000.101570 000.284246 -00.225546 000.106313 
indiv003 -00.073811 000.109600 000.134860 000.536032 000.041042 -00.104655 
indiv004 000.084531 000.091232 000.063314 000.341802 -00.162548 000.256573 
indiv005 -00.026130 000.070948 000.105944 000.488829 -00.285857 000.022291 
indiv006 000.063358 000.106209 000.102274 000.413009 -00.113090 -00.202059 
indiv007 000.167666 000.114822 000.068024 000.260913 -00.264813 000.123762 
indiv008 000.157747 -00.092775 -00.008428 000.242743 -00.095829 000.402478 
indiv009 000.183022 000.114955 000.020289 000.184745 000.238577 000.258413 
