indiv000 000.295617 -00.098634 000.196662 000.057951 000.210123 000.141013 
indiv001 000.126203 000.130823 000.127196 000.102513 000.303276 000.209989 
indiv002 000.251623 000.146624 000.085987 000.048406 000.119032 000.348329 
indiv003 000.051632 000.135636 000.232691 000.073705 000.238861 000.267475 
indiv004 000.302802 000.007502 000.197631 000.154054 000.170502 000.167508 
indiv005 -00.100641 000.293199 000.186380 000.264480 -00.019522 000.135779 
indiv006 000.032805 000.194137 000.066788 000.064285 000.354094 000.287890 
indiv007 -00.082377 000.360326 000.176339 000.101857 000.210749 000.068352 
indiv008 000.132469 000.277357 000.127459 000.154829 000.189487 000.118398 
indiv009 000.066079 000.401305 000.009130 000.140975 000.087801 000.294709 
