indiv000 000.274997 000.201323 000.034416 000.462498 000.025107 -00.001659 
indiv001 -00.070331 000.318833 000.048322 000.392340 000.074617 -00.095556 
indiv002 000.528734 000.070905 000.101015 -00.102574 -00.162127 -00.034644 
indiv003 000.463307 000.042365 000.061298 000.312267 000.055664 000.065100 
indiv004 000.035264 000.267764 000.103761 000.023446 000.517074 000.052692 
indiv005 000.461177 000.054704 000.092946 -00.265010 000.108642 000.017521 
indiv006 000.334205 -00.008708 000.051556 000.135796 -00.230851 -00.238884 
indiv007 000.084429 000.243829 000.104290 000.124796 -00.383607 000.059049 
indiv008 000.223833 -00.013612 000.023764 000.400477 -00.213714 -00.124601 
indiv009 000.323322 000.326820 000.057860 000.027522 000.139214 -00.125261 
