indiv000 000.346583 000.141591 000.014488 000.229886 -00.219807 000.047644 
indiv001 000.145834 000.175541 000.032756 000.133157 -00.358488 -00.154223 
indiv002 000.239732 000.140995 000.016194 000.319574 -00.207455 -00.076050 
indiv003 000.077243 000.090484 000.053243 000.237358 -00.300150 -00.241522 
indiv004 000.300248 000.001038 000.001540 000.138851 -00.306674 000.251650 
indiv005 000.414721 000.112751 000.041373 -00.008312 -00.385495 000.037349 
indiv006 000.295835 000.155516 000.040966 000.117860 -00.260010 -00.129813 
indiv007 000.464063 000.027934 000.081530 000.122312 -00.252788 -00.051373 
indiv008 000.288741 000.142231 000.033486 000.091533 -00.402042 -00.041967 
indiv009 000.186729 000.131913 000.021690 000.148818 -00.343697 000.167154 
