indiv000 -00.088159 000.498329 000.018708 000.154035 000.191729 000.049040 
indiv001 000.012857 000.348952 000.037186 000.164534 000.333644 -00.102826 
indiv002 000.343391 -00.011370 000.008160 000.284358 000.301959 -00.050761 
indiv003 -00.107378 000.395856 000.068253 -00.026961 000.259262 -00.142290 
indiv004 -00.136380 000.097854 000.045120 000.117002 000.460548 -00.143097 
indiv005 000.066805 000.458830 000.092231 000.121603 000.248367 000.012165 
indiv006 000.294169 000.062771 000.025841 000.059070 000.488293 -00.069856 
indiv007 -00.189746 000.317529 000.035946 -00.159827 000.245351 -00.051601 
indiv008 -00.232136 000.396696 000.124566 -00.011706 000.177477 -00.057420 
indiv009 000.180572 000.568838 000.001030 000.027029 000.157585 000.064946 
