indiv000 000.209908 000.119627 000.053226 000.208698 -00.199548 -00.208993 
indiv001 -00.011232 000.233001 000.051432 000.253813 -00.411409 000.039113 
indiv002 000.404164 000.087142 000.054701 000.131766 -00.257642 -00.064585 
indiv003 000.335104 000.069929 000.035968 000.306267 -00.220301 000.032430 
indiv004 000.103401 000.177729 000.005484 000.398798 -00.250337 000.064251 
indiv005 000.219165 000.206926 -00.023490 000.226745 -00.267723 -00.055951 
indiv006 000.151853 000.093926 000.070724 000.357050 -00.294944 000.031503 
indiv007 000.273501 000.241107 000.018713 000.011817 -00.306754 000.148108 
indiv008 000.049329 000.167948 000.036660 000.182356 -00.304272 000.259435 
indiv009 000.403924 000.097741 000.052650 000.146187 -00.127883 000.171615 
