indiv000 000.127643 000.058891 000.021986 000.344624 000.225324 -00.221533 
indiv001 000.012857 000.348952 000.037186 000.164534 000.333644 -00.102826 
indiv002 000.010793 000.154122 000.011888 000.223079 000.219894 -00.380224 
indiv003 -00.079390 000.437346 000.110802 -00.051940 000.215319 -00.105203 
indiv004 -00.107603 000.146783 000.114971 000.092314 000.363370 -00.174959 
indiv005 000.066805 000.458830 000.092231 000.121603 000.248367 000.012165 
indiv006 000.298848 000.063770 000.026252 000.060010 000.395012 000.156108 
indiv007 -00.189746 000.317529 000.035946 -00.159827 000.245351 -00.051601 
indiv008 -00.232136 000.396696 000.124566 -00.011706 000.177477 -00.057420 
indiv009 000.180572 000.568838 000.001030 000.027029 000.157585 000.064946 
