indiv000 000.221161 000.051457 000.060931 000.118570 -00.419372 -00.128510 
indiv001 000.186101 000.330648 -00.021212 000.061404 -00.285504 -00.115132 
indiv002 000.270777 000.274007 000.035659 000.128104 000.279884 000.011569 
indiv003 000.233408 000.167762 000.062012 000.200540 -00.284585 000.051693 
indiv004 000.194253 000.205964 000.025334 000.018047 000.529974 000.026426 
indiv005 000.368823 000.282656 000.051681 000.133951 -00.011594 -00.151294 
indiv006 000.207151 000.170129 -00.001973 000.108466 000.434983 -00.077299 
indiv007 000.054330 -00.004888 000.015714 000.076684 -00.822610 -00.025774 
indiv008 000.134848 000.093504 000.027161 000.097459 -00.638226 000.008802 
indiv009 000.169013 000.156752 000.061424 000.102881 000.396243 000.113688 
