indiv000 000.203028 000.233703 000.024503 000.023821 000.458820 -00.056124 
indiv001 000.232721 000.251152 000.037017 000.065451 -00.410532 000.003127 
indiv002 000.128699 000.205160 -00.000853 000.083878 000.530728 -00.050683 
indiv003 000.214958 000.135599 000.017473 000.278463 000.228156 -00.125352 
indiv004 000.232063 000.154033 000.034356 000.175203 -00.299423 -00.104921 
indiv005 000.338952 000.170641 000.039873 000.105633 000.180754 -00.164147 
indiv006 000.239743 000.048132 -00.034412 000.177345 -00.486708 000.013661 
indiv007 000.220405 000.222563 000.001485 000.275229 000.134666 -00.145652 
indiv008 000.204912 000.253066 -00.011547 000.063242 -00.461379 000.005854 
indiv009 000.087237 000.191979 000.022004 000.052641 -00.627011 -00.019127 
