indiv000 000.203028 000.233703 000.024503 000.023821 000.458820 -00.056124 
indiv001 000.250475 000.267987 -00.027138 000.086226 -00.326619 000.041556 
indiv002 000.128699 000.205160 -00.000853 000.083878 000.530728 -00.050683 
indiv003 000.173991 000.222441 000.014143 000.129894 000.358068 -00.101463 
indiv004 000.128122 000.324838 000.072349 000.315045 000.108844 000.050801 
indiv005 000.338952 000.170641 000.039873 000.105633 000.180754 -00.164147 
indiv006 000.141469 000.245141 000.014883 000.233814 000.346683 000.018010 
indiv007 000.032144 000.273361 000.078239 000.305306 000.149382 -00.161569 
indiv008 000.204912 000.253066 -00.011547 000.063242 -00.461379 000.005854 
indiv009 000.082492 000.173927 000.019935 000.047691 -00.568051 -00.107904 
