indiv000 000.226593 000.094189 000.105194 000.203229 000.262707 000.108088 
indiv001 -00.022140 000.117923 000.212741 000.169214 000.260960 000.217021 
indiv002 000.000163 000.388692 -00.004434 000.055588 000.465917 -00.085206 
indiv003 000.051632 000.135636 000.232691 000.073705 000.238861 000.267475 
indiv004 000.118448 000.152987 000.034786 000.402676 000.275808 000.015295 
indiv005 000.051792 000.335141 000.181197 -00.009119 000.258245 000.164506 
indiv006 -00.081819 000.250160 000.205060 -00.092098 000.155707 000.215156 
indiv007 -00.177064 000.271359 000.247567 000.062111 000.190424 000.051476 
indiv008 000.264769 000.265406 000.065205 000.077622 000.266349 000.060650 
indiv009 000.453462 000.193852 000.007878 000.047314 000.226990 000.070503 
