indiv000 000.107057 000.066473 000.050061 000.365721 -00.377073 000.033616 
indiv001 000.376882 000.242133 000.031957 000.266339 000.050384 -00.032305 
indiv002 000.287312 000.138355 000.033062 000.294229 -00.175902 -00.071139 
indiv003 000.003519 000.198687 000.035876 -00.202837 -00.533061 000.026020 
indiv004 000.211438 000.206776 -00.003761 -00.120765 -00.299563 000.157697 
indiv005 000.220312 000.199842 000.032197 000.132178 -00.270283 000.145189 
indiv006 000.427278 000.154139 -00.017154 000.269165 000.107533 000.024730 
indiv007 000.208808 000.008948 000.023712 000.488658 -00.205626 -00.064248 
indiv008 000.202448 000.425065 -00.004411 000.115898 -00.054722 000.197456 
indiv009 000.249019 -00.075940 000.047672 000.472171 -00.148270 -00.006929 
