indiv000 000.209908 000.119627 000.053226 000.208698 -00.199548 -00.208993 
indiv001 000.162598 000.195719 000.053704 000.148464 -00.428028 -00.011488 
indiv002 000.404164 000.087142 000.054701 000.131766 -00.257642 -00.064585 
indiv003 000.335104 000.069929 000.035968 000.306267 -00.220301 000.032430 
indiv004 000.118694 000.099927 000.066923 000.399396 -00.250713 000.064347 
indiv005 000.266642 000.038921 000.024785 000.275864 -00.325718 -00.068071 
indiv006 000.151853 000.093926 000.070724 000.357050 -00.294944 000.031503 
indiv007 000.273501 000.241107 000.018713 000.011817 -00.306754 000.148108 
indiv008 000.049329 000.167948 000.036660 000.182356 -00.304272 000.259435 
indiv009 000.403924 000.097741 000.052650 000.146187 -00.127883 000.171615 
