indiv000 000.653023 000.100833 000.035005 000.088037 000.074585 000.048517 
indiv001 000.314258 000.213030 000.038712 -00.097067 000.333628 000.003306 
indiv002 000.167376 000.214920 000.020594 000.161561 000.319547 -00.116002 
indiv003 000.150565 000.051844 -00.006146 000.089756 000.653762 -00.047927 
indiv004 000.188830 000.054468 000.012266 000.119741 000.560328 -00.064367 
indiv005 000.316363 000.276739 000.014345 000.098847 000.259073 -00.034633 
indiv006 000.164094 000.263104 -00.018159 -00.075440 000.401545 000.077657 
indiv007 000.302343 000.178775 000.001350 000.262740 000.122403 -00.132389 
indiv008 000.204912 000.253066 -00.011547 000.063242 -00.461379 000.005854 
indiv009 000.247225 000.128030 000.005964 000.035106 -00.570906 000.012769 
