indiv000 -00.061003 -00.143845 000.085092 000.119486 000.433883 000.156691 
indiv001 000.284509 000.393978 000.045988 000.000896 -00.164351 000.110277 
indiv002 000.235355 000.145982 000.024441 -00.302516 -00.130338 000.161368 
indiv003 000.484473 000.247793 000.025862 000.101598 000.118298 000.021975 
indiv004 000.272741 000.358128 000.042376 000.176609 000.132830 -00.017316 
indiv005 000.309427 000.104614 000.027049 000.104544 -00.421498 000.032868 
indiv006 000.224687 000.046990 000.134043 000.532147 -00.059698 -00.002436 
indiv007 -00.049104 000.299893 -00.044485 -00.335168 -00.131748 000.139602 
indiv008 -00.219635 000.252087 000.061613 000.369923 000.076936 000.019806 
indiv009 000.131395 000.182016 000.088438 000.200823 -00.188357 -00.208971 
