indiv000 000.206388 000.259235 -00.029853 000.164161 000.135069 000.205293 
indiv001 000.354734 000.325061 000.042869 000.155771 000.034460 000.087105 
indiv002 000.267358 000.205502 000.015361 000.310342 -00.173481 000.027956 
indiv003 000.063497 -00.111657 000.021173 000.549508 000.244782 -00.009383 
indiv004 000.093082 000.512464 000.038454 000.302065 000.051760 000.002175 
indiv005 000.036846 000.374252 -00.072966 -00.002524 000.272281 000.241131 
indiv006 000.096289 000.364856 000.052822 -00.164671 000.155967 000.165395 
indiv007 000.171597 000.118831 000.051930 000.557223 -00.057351 000.043067 
indiv008 000.100246 000.398609 000.000566 -00.152642 000.259545 000.088393 
indiv009 000.267766 000.328649 -00.026170 000.224150 000.093308 -00.059956 
