indiv000 000.102049 -00.043152 000.013264 000.330932 -00.479370 -00.031233 
indiv001 000.248314 -00.026687 000.002037 000.524254 000.174898 000.023809 
indiv002 000.325632 000.193413 000.011626 000.007324 -00.448620 -00.013384 
indiv003 000.217320 000.281337 000.071923 000.031752 -00.307394 000.090272 
indiv004 000.216719 000.105649 000.067544 000.169072 000.386491 000.054525 
indiv005 000.204574 000.052439 000.015596 -00.452804 000.229382 -00.045205 
indiv006 000.184662 000.236636 -00.030700 000.041740 -00.504063 000.002199 
indiv007 000.235135 000.275691 000.017607 -00.279628 000.178150 -00.013789 
indiv008 000.211786 000.103102 000.010215 -00.059215 000.607239 000.008444 
indiv009 000.311375 000.234669 000.016140 000.218621 000.148290 000.070905 
