indiv000 -00.088823 000.357589 000.143852 000.065002 000.160114 000.184619 
indiv001 -00.014141 000.141719 000.085877 000.088148 000.304443 000.365671 
indiv002 000.278757 000.127863 000.091627 000.124364 000.274821 -00.102568 
indiv003 -00.092825 000.275040 000.140225 000.122565 000.208187 000.161158 
indiv004 000.333411 -00.083020 000.020971 000.139152 000.395399 000.028046 
indiv005 000.374070 000.208238 000.055528 000.112474 000.175350 -00.074340 
indiv006 000.377204 000.157245 000.037150 000.120289 000.196959 -00.111153 
indiv007 -00.364851 000.176613 000.153126 000.022556 000.249351 000.033503 
indiv008 000.336998 000.252491 000.082993 000.078981 000.172499 000.076038 
indiv009 000.311809 000.228710 000.167389 -00.015775 000.189197 -00.087120 
