indiv000 000.227653 000.214011 000.030617 -00.347814 000.036433 000.143472 
indiv001 000.376882 000.242133 000.031957 000.266339 000.050384 -00.032305 
indiv002 000.345269 000.206762 -00.003425 000.162419 000.210006 -00.072120 
indiv003 000.259988 000.110461 000.015367 000.084624 -00.228325 -00.301235 
indiv004 000.192790 000.226633 000.019564 000.240074 000.282927 -00.038012 
indiv005 000.250647 000.205657 000.020703 000.048979 000.449681 000.024333 
indiv006 000.257272 000.114021 000.029930 -00.194434 000.225483 -00.178859 
indiv007 000.233268 000.107669 000.008402 -00.058516 000.588951 -00.003195 
indiv008 000.454760 000.226934 -00.016066 000.219895 -00.048148 -00.034197 
indiv009 000.215750 000.037079 000.047716 000.464232 -00.128461 -00.106762 
