indiv000 -00.021200 000.088418 000.077622 000.304597 -00.199592 000.308571 
indiv001 -00.025219 000.069860 000.077256 000.298583 000.251200 000.277883 
indiv002 000.127290 000.131232 000.035877 000.233344 -00.185156 -00.287100 
indiv003 000.048153 000.055486 000.016346 000.177158 000.165172 000.537685 
indiv004 000.081630 000.054607 000.061141 000.397885 -00.156970 000.247768 
indiv005 -00.058916 000.068964 000.054558 000.193051 000.337115 -00.287395 
indiv006 000.041391 000.154660 000.093771 000.085589 -00.224550 -00.400040 
indiv007 000.167666 000.114822 000.068024 000.260913 -00.264813 000.123762 
indiv008 000.131052 000.037095 000.069277 000.210849 -00.332867 000.218860 
indiv009 000.252789 000.146940 000.017349 000.157968 000.203997 000.220958 
