indiv000 000.246120 000.235793 000.084245 -00.341294 000.080488 000.012060 
indiv001 000.101868 -00.292493 000.029261 000.032913 000.468904 -00.074561 
indiv002 000.498411 -00.015834 000.030222 000.227595 000.109176 -00.118762 
indiv003 000.176357 000.309641 000.058367 -00.132925 -00.249454 000.073257 
indiv004 000.142378 000.054085 000.006356 000.251614 000.285758 -00.259808 
indiv005 000.087644 000.152907 000.028103 000.215710 -00.406314 000.109321 
indiv006 000.385036 000.039748 000.008189 -00.374470 000.149774 -00.042783 
indiv007 000.092702 000.018698 000.018061 000.394939 000.450798 -00.024802 
indiv008 000.147626 000.121005 000.039021 000.425611 -00.178464 -00.088272 
indiv009 000.311375 000.234669 000.016140 000.218621 000.148290 000.070905 
