indiv000 000.182868 -00.087928 000.081305 -00.200191 000.112676 -00.335031 
indiv001 000.284509 000.393978 000.045988 000.000896 -00.164351 000.110277 
indiv002 000.155057 000.127268 000.101570 000.284246 -00.225546 000.106313 
indiv003 000.484473 000.247793 000.025862 000.101598 000.118298 000.021975 
indiv004 000.230374 -00.025688 000.061367 000.368160 000.112196 000.202215 
indiv005 000.309427 000.104614 000.027049 000.104544 -00.421498 000.032868 
indiv006 000.141637 000.270409 000.037180 -00.065195 -00.287929 000.197650 
indiv007 000.039394 000.411941 000.097142 -00.062527 -00.378168 000.010828 
indiv008 000.274193 -00.003652 000.052390 -00.257299 000.395625 000.016841 
indiv009 000.181953 000.109662 000.019355 000.120993 000.442134 -00.125902 
