indiv000 000.252658 000.061372 000.011441 000.053584 000.582186 -00.038759 
indiv001 000.266625 000.169802 000.073263 000.101060 -00.351556 -00.037694 
indiv002 000.148228 000.122610 000.065058 -00.003230 -00.637857 -00.023016 
indiv003 000.064435 000.022495 000.027172 000.147449 -00.614180 000.124269 
indiv004 000.371798 000.193768 000.076888 000.004617 000.317821 -00.035108 
indiv005 000.252908 000.307525 000.110021 000.041401 000.253649 -00.034495 
indiv006 000.210718 000.060813 000.040596 000.145079 -00.336655 000.206139 
indiv007 000.173761 000.334591 000.083140 -00.017312 -00.241021 -00.150175 
indiv008 000.134227 000.101066 000.021326 -00.017163 000.619016 -00.107201 
indiv009 000.269973 000.269815 000.034449 -00.002959 000.306262 -00.116542 
