indiv000 000.257560 -00.085936 000.119569 000.231003 000.183072 000.122859 
indiv001 000.126597 000.131232 000.010050 000.194036 000.327438 000.210645 
indiv002 -00.228257 000.151122 000.202369 000.030045 000.172001 000.216206 
indiv003 000.051632 000.135636 000.232691 000.073705 000.238861 000.267475 
indiv004 000.243445 000.109279 000.017604 000.151437 000.301623 000.176612 
indiv005 000.051792 000.335141 000.181197 -00.009119 000.258245 000.164506 
indiv006 000.032805 000.194137 000.066788 000.064285 000.354094 000.287890 
indiv007 -00.082377 000.360326 000.176339 000.101857 000.210749 000.068352 
indiv008 000.264769 000.265406 000.065205 000.077622 000.266349 000.060650 
indiv009 000.358695 000.153340 000.006232 000.105573 000.175015 000.201146 
