indiv000 000.267821 000.392940 000.061181 000.232860 000.021011 000.024187 
indiv001 -00.015174 000.276365 -00.053917 000.339323 -00.053765 000.261457 
indiv002 000.296905 000.393863 -00.015652 000.129952 000.089904 -00.073725 
indiv003 000.386247 000.265538 000.037946 -00.087688 -00.172354 000.050228 
indiv004 000.184290 000.147411 000.070197 000.184950 000.298592 000.114561 
indiv005 -00.107466 000.458410 -00.037317 -00.010439 000.198042 000.188326 
indiv006 -00.132461 000.358302 -00.046191 000.131978 000.231254 000.099814 
indiv007 000.444084 000.029354 -00.038579 000.267034 000.154368 -00.066582 
indiv008 000.192427 000.264020 000.064865 -00.153396 000.264958 000.060333 
indiv009 000.084349 000.567683 -00.080681 -00.123962 000.030063 -00.113261 
