indiv000 000.478641 000.073907 000.013778 000.064528 000.133049 000.236098 
indiv001 000.294644 000.187646 000.026992 000.060564 -00.388500 -00.041655 
indiv002 000.199780 000.284597 000.013188 000.172895 000.227188 -00.102352 
indiv003 000.121780 000.148305 000.044508 000.072597 000.528776 -00.084034 
indiv004 000.351892 000.173257 000.044297 000.114984 000.284178 -00.031392 
indiv005 000.165094 000.303997 000.047671 000.091621 000.264232 -00.127385 
indiv006 000.210718 000.060813 000.040596 000.145079 -00.336655 000.206139 
indiv007 000.484402 000.207155 000.052751 000.060916 -00.057734 -00.137043 
indiv008 000.128978 000.257574 000.015059 000.083354 000.500843 -00.014192 
indiv009 000.144901 000.239979 000.045110 000.120623 -00.306132 -00.143255 
