indiv000 000.268942 000.070669 000.000815 000.320681 000.028169 000.310723 
indiv001 -00.051689 000.316298 000.058820 -00.311129 000.223521 000.038543 
indiv002 000.299541 -00.041328 000.022049 000.136044 000.160570 000.340468 
indiv003 000.614849 -00.055176 000.035812 -00.179245 000.070098 000.044821 
indiv004 000.065878 000.273033 000.028840 000.318278 000.160610 -00.153361 
indiv005 000.359606 -00.005613 -00.032127 000.190379 000.134652 000.277623 
indiv006 000.095952 000.198228 000.066126 000.338499 000.136379 000.164816 
indiv007 -00.085996 000.414929 000.081948 -00.197022 000.190138 000.029967 
indiv008 -00.128059 000.292142 000.040912 -00.464057 000.022044 -00.052786 
indiv009 000.363575 -00.038213 -00.064227 000.048073 000.246777 000.239135 
