indiv000 -00.211618 000.107205 000.102408 000.057428 000.242140 000.279200 
indiv001 -00.014141 000.141719 000.085877 000.088148 000.304443 000.365671 
indiv002 000.278757 000.127863 000.091627 000.124364 000.274821 -00.102568 
indiv003 -00.065234 000.178361 000.098544 000.096921 000.209213 000.351727 
indiv004 000.294957 000.132403 000.021329 000.183481 000.297057 -00.070773 
indiv005 -00.177110 000.113937 000.189373 000.020935 000.269897 000.228748 
indiv006 000.377204 000.157245 000.037150 000.120289 000.196959 -00.111153 
indiv007 000.259001 000.277655 000.135881 000.112397 000.162396 000.052670 
indiv008 000.336998 000.252491 000.082993 000.078981 000.172499 000.076038 
indiv009 000.242329 000.103594 000.004210 000.102243 000.273302 000.274322 
