indiv000 -00.021200 000.088418 000.077622 000.304597 -00.199592 000.308571 
indiv001 000.094582 000.065722 000.024172 000.236806 000.317295 000.261423 
indiv002 000.149176 -00.003926 000.098331 000.097189 -00.216991 000.434387 
indiv003 000.182614 000.043041 -00.005651 000.223986 000.130624 000.414084 
indiv004 -00.024673 000.216824 000.064754 000.322917 -00.185928 -00.184906 
indiv005 -00.050889 -00.028914 000.047125 000.333643 000.291187 -00.248241 
indiv006 000.130642 000.029043 000.024361 000.413088 -00.382297 -00.020568 
indiv007 000.167666 000.114822 000.068024 000.260913 -00.264813 000.123762 
indiv008 000.149268 000.042250 000.078906 000.310791 -00.379134 -00.039651 
indiv009 000.252789 000.146940 000.017349 000.157968 000.203997 000.220958 
