indiv000 000.202711 000.164009 000.038606 -00.150130 000.378319 -00.066224 
indiv001 000.143301 000.271504 000.028983 000.362174 000.103720 -00.090319 
indiv002 000.326115 000.313364 000.045996 -00.020774 -00.200771 -00.092981 
indiv003 000.228888 000.242046 000.031714 000.276127 -00.104430 -00.116796 
indiv004 000.120960 000.144491 000.024021 000.227854 000.330279 -00.152395 
indiv005 000.214647 000.154759 000.035830 000.116699 000.330679 -00.147385 
indiv006 000.093948 000.084578 000.005104 000.216351 -00.542593 -00.057427 
indiv007 000.201131 000.185385 000.023177 000.095783 -00.329496 -00.165028 
indiv008 000.226291 000.098754 000.037461 -00.174462 -00.269013 000.194019 
indiv009 000.401493 000.327681 000.032233 -00.138630 000.093259 -00.006704 
