indiv000 000.264991 000.237220 000.027299 -00.183438 000.197002 -00.090049 
indiv001 000.310587 000.123873 000.016349 000.136257 -00.321956 -00.090979 
indiv002 000.358856 000.301916 000.021838 -00.052418 -00.190014 -00.074958 
indiv003 000.164078 000.195100 000.033106 000.207420 000.388756 000.011540 
indiv004 000.399606 000.291056 000.062423 -00.045260 -00.108261 -00.093394 
indiv005 000.582936 000.093367 -00.009969 000.030282 -00.246227 000.037220 
indiv006 000.314829 000.211451 -00.007212 000.112590 -00.333970 -00.019949 
indiv007 000.175993 000.121772 000.031399 000.365926 000.264459 -00.040452 
indiv008 000.454760 000.226934 -00.016066 000.219895 -00.048148 -00.034197 
indiv009 000.224356 000.159532 000.022212 -00.211155 -00.381269 000.001476 
