indiv000 000.360294 000.130785 000.001509 000.100308 000.052132 000.354973 
indiv001 -00.097882 000.228257 000.042447 000.269593 000.161305 -00.200517 
indiv002 000.186019 000.103546 000.013692 000.535405 000.099716 -00.061622 
indiv003 -00.089217 000.333665 -00.028488 -00.211611 000.284106 000.052914 
indiv004 000.395598 000.208002 000.021971 000.135242 000.122356 -00.116833 
indiv005 -00.270267 000.206490 000.010645 000.121590 000.085999 -00.305009 
indiv006 000.393557 -00.071449 000.034674 000.342383 000.071512 000.086424 
indiv007 000.636617 -00.227800 -00.001251 -00.021980 000.092915 000.019437 
indiv008 000.109740 000.322523 000.004125 000.236942 000.125452 000.201219 
indiv009 000.153138 -00.067283 000.048899 -00.139350 000.040141 000.551190 
