indiv000 000.267832 000.096448 -00.011528 000.250244 -00.338806 000.035142 
indiv001 000.233993 000.113108 000.078756 000.213423 -00.314516 -00.046203 
indiv002 000.140276 -00.058126 000.167841 000.355540 -00.127957 000.150260 
indiv003 000.262253 000.194973 000.020074 000.189751 -00.290449 -00.042500 
indiv004 000.300248 000.001038 000.001540 000.138851 -00.306674 000.251650 
indiv005 -00.023778 000.130532 000.143876 000.080898 -00.290505 000.330411 
indiv006 000.358787 -00.047817 000.105760 000.304275 -00.119544 -00.063817 
indiv007 000.446953 000.002389 000.071918 000.093868 -00.359664 000.025208 
indiv008 000.201933 000.115588 000.058155 000.263490 -00.326729 -00.034105 
indiv009 000.235826 000.166597 000.023140 000.038521 -00.324812 000.211104 
