indiv000 000.128907 -00.015676 000.015450 000.112231 -00.599762 000.127975 
indiv001 000.201325 -00.012085 000.056425 000.062519 -00.497147 000.170499 
indiv002 -00.098178 -00.017634 000.028205 000.227926 -00.459657 -00.168401 
indiv003 000.352141 000.047937 -00.003527 000.107194 -00.475089 000.014112 
indiv004 000.162019 000.001939 -00.008334 000.202046 -00.360036 000.265627 
indiv005 000.083607 000.064289 -00.046010 000.234915 -00.363001 000.208178 
indiv006 000.280537 000.114440 000.072258 000.036044 -00.227094 000.269628 
indiv007 000.183900 000.002197 000.042161 000.238187 -00.411300 000.122255 
indiv008 000.201933 000.115588 000.058155 000.263490 -00.326729 -00.034105 
indiv009 000.147359 -00.017087 000.031085 000.216852 -00.434449 -00.153167 
