indiv000 000.224463 000.164168 000.003223 -00.358740 -00.232430 -00.016975 
indiv001 000.061779 000.474024 000.019753 -00.019946 000.399391 000.025108 
indiv002 000.326115 000.313364 000.045996 -00.020774 -00.200771 -00.092981 
indiv003 000.091781 000.238149 000.017606 000.271680 000.265869 -00.114915 
indiv004 000.322511 000.104857 000.027291 000.134309 -00.168837 -00.242195 
indiv005 000.090791 000.219460 000.009830 -00.525244 000.123508 000.031168 
indiv006 000.227933 000.195711 000.022062 -00.180620 000.264864 -00.108809 
indiv007 000.169510 000.271869 000.013057 -00.314347 -00.226311 -00.004906 
indiv008 000.138959 000.157682 000.004697 -00.107639 -00.423915 -00.167108 
indiv009 000.220681 000.277719 000.032745 -00.140830 000.094740 -00.233286 
