indiv000 000.302501 000.356977 000.037879 000.094851 -00.195660 -00.012132 
indiv001 000.327291 000.318948 000.032811 000.005170 000.259733 000.056047 
indiv002 000.119875 000.139905 000.060873 000.065523 000.397217 000.216606 
indiv003 000.113547 000.286951 000.063009 -00.161063 000.119496 000.255935 
indiv004 000.186411 000.117095 000.016807 000.517761 -00.076387 -00.085540 
indiv005 000.260790 000.306614 000.037188 -00.220202 000.093483 -00.081723 
indiv006 000.398719 000.076862 000.003465 000.337247 000.162295 000.021412 
indiv007 -00.095363 000.421837 000.092521 -00.102313 000.261069 -00.026897 
indiv008 000.099306 000.154541 000.057231 000.406235 000.191458 000.091230 
indiv009 000.263228 -00.040696 000.071315 000.352710 000.090430 000.181620 
