indiv000 000.252658 000.061372 000.011441 000.053584 000.582186 -00.038759 
indiv001 000.187416 000.332985 000.074784 000.086466 -00.287521 -00.030828 
indiv002 000.053790 000.160871 000.022193 000.007677 000.549483 -00.205985 
indiv003 000.205981 000.253935 000.061582 000.109862 -00.306605 000.062036 
indiv004 000.371798 000.193768 000.076888 000.004617 000.317821 -00.035108 
indiv005 000.202803 000.246600 000.088225 -00.091219 000.343492 -00.027661 
indiv006 000.189622 000.173621 000.029625 000.105873 -00.245677 -00.255583 
indiv007 000.173761 000.334591 000.083140 -00.017312 -00.241021 -00.150175 
indiv008 000.256168 000.207017 000.074264 -00.092454 000.289228 -00.080869 
indiv009 000.269973 000.269815 000.034449 -00.002959 000.306262 -00.116542 
