indiv000 000.244108 000.284824 000.030567 000.211930 000.218780 -00.009790 
indiv001 000.329951 -00.106884 000.011500 000.339738 000.134285 000.077641 
indiv002 000.005756 000.573622 000.093548 -00.003414 000.024533 -00.299126 
indiv003 000.113572 000.081866 000.087644 000.035625 000.381608 -00.299685 
indiv004 000.039663 000.273845 000.000493 -00.270773 000.198638 -00.216589 
indiv005 000.033090 000.325169 000.125931 000.235585 000.140822 -00.139402 
indiv006 000.133420 000.080129 000.100838 000.486953 000.126889 -00.071770 
indiv007 -00.057410 000.441581 000.196838 000.076479 000.205496 000.022197 
indiv008 000.229609 000.054589 000.006989 000.373423 000.261540 000.073850 
indiv009 000.237617 -00.007190 000.020861 000.453395 000.013849 000.267088 
