indiv000 000.355622 000.167376 -00.016482 -00.159264 -00.227284 000.073972 
indiv001 000.177377 000.290795 000.030988 000.137113 000.278038 -00.085689 
indiv002 000.314961 000.382485 -00.012988 000.090236 000.160201 000.039130 
indiv003 -00.098338 000.569977 000.062507 -00.059408 -00.194406 000.015363 
indiv004 -00.119705 000.362853 000.040150 000.135599 000.252756 -00.088937 
indiv005 -00.138272 000.488394 000.076016 -00.091975 000.182248 -00.023095 
indiv006 000.253267 000.221221 -00.004663 000.062173 -00.386689 000.071987 
indiv007 000.328446 000.195018 000.023056 000.243603 000.181210 -00.028668 
indiv008 -00.237243 000.405424 000.069344 -00.019019 000.181382 000.087587 
indiv009 000.307424 000.265490 000.001753 -00.009411 -00.336737 -00.079184 
