indiv000 000.344180 000.161991 000.011129 000.023758 -00.219971 000.238971 
indiv001 000.179984 000.274751 000.005983 -00.112189 000.198318 000.228775 
indiv002 000.314961 000.382485 -00.012988 000.090236 000.160201 000.039130 
indiv003 000.250907 000.118058 -00.001163 000.186363 000.215474 -00.228036 
indiv004 000.176327 -00.049051 000.016522 000.213707 000.386904 -00.157488 
indiv005 000.300715 000.189933 -00.005412 000.171757 -00.017511 -00.314671 
indiv006 -00.019360 000.345507 -00.007283 000.097102 000.053881 000.476866 
indiv007 000.328446 000.195018 000.023056 000.243603 000.181210 -00.028668 
indiv008 000.217360 000.173136 000.030184 -00.039272 000.359191 000.180857 
indiv009 000.427810 000.160865 000.002745 -00.050314 000.251390 -00.106875 
