indiv000 000.295617 -00.098634 000.196662 000.057951 000.210123 000.141013 
indiv001 000.126203 000.130823 000.127196 000.102513 000.303276 000.209989 
indiv002 000.390708 000.133573 000.305344 000.069900 -00.013656 000.086819 
indiv003 000.051632 000.135636 000.232691 000.073705 000.238861 000.267475 
indiv004 000.302802 000.007502 000.197631 000.154054 000.170502 000.167508 
indiv005 -00.100641 000.293199 000.186380 000.264480 -00.019522 000.135779 
indiv006 000.042712 000.135649 000.077773 000.083698 000.461020 000.199150 
indiv007 000.295735 000.115862 000.279013 000.022288 000.178951 000.108151 
indiv008 000.132469 000.277357 000.127459 000.154829 000.189487 000.118398 
indiv009 000.066079 000.401305 000.009130 000.140975 000.087801 000.294709 
