indiv000 000.113970 000.198988 000.012080 -00.182148 -00.484196 -00.008619 
indiv001 000.061779 000.474024 000.019753 -00.019946 000.399391 000.025108 
indiv002 000.326115 000.313364 000.045996 -00.020774 -00.200771 -00.092981 
indiv003 000.228888 000.242046 000.031714 000.276127 -00.104430 -00.116796 
indiv004 000.038047 000.298649 000.016686 000.470953 -00.102338 -00.073327 
indiv005 000.188854 000.166493 000.046317 000.050769 000.472284 000.075284 
indiv006 000.025800 000.104941 -00.006497 -00.118280 -00.673229 -00.071254 
indiv007 000.201131 000.185385 000.023177 000.095783 -00.329496 -00.165028 
indiv008 000.226291 000.098754 000.037461 -00.174462 -00.269013 000.194019 
indiv009 000.220681 000.277719 000.032745 -00.140830 000.094740 -00.233286 
