indiv000 000.302501 000.356977 000.037879 000.094851 -00.195660 -00.012132 
indiv001 000.327291 000.318948 000.032811 000.005170 000.259733 000.056047 
indiv002 000.141708 000.195274 000.062604 -00.212690 000.258400 -00.129324 
indiv003 000.394423 000.005920 000.061337 000.264029 000.199168 000.075122 
indiv004 000.422067 -00.000876 000.026040 000.168530 000.272083 -00.110404 
indiv005 000.256829 000.245272 000.066591 -00.300944 000.084687 -00.045677 
indiv006 000.118179 000.168543 000.006143 -00.486019 000.174164 000.046952 
indiv007 000.345812 000.020065 000.064026 000.342912 000.206296 -00.020889 
indiv008 000.089272 000.132964 000.060619 -00.055674 000.247617 -00.413853 
indiv009 000.207691 000.231555 000.110889 000.278293 000.071350 -00.100221 
