indiv000 000.246120 000.235793 000.084245 -00.341294 000.080488 000.012060 
indiv001 000.198737 000.303432 000.050686 000.326866 -00.011343 -00.108936 
indiv002 000.127935 -00.225124 000.072378 000.368550 000.132660 000.073353 
indiv003 000.308368 000.043123 000.038420 000.385813 -00.173365 000.050912 
indiv004 000.142378 000.054085 000.006356 000.251614 000.285758 -00.259808 
indiv005 000.087644 000.152907 000.028103 000.215710 -00.406314 000.109321 
indiv006 000.185301 000.087370 000.015268 -00.296177 000.336114 -00.079770 
indiv007 000.194665 000.042501 000.044199 000.428317 -00.258116 000.032201 
indiv008 000.026625 000.145848 000.047033 000.584507 -00.089592 -00.106396 
indiv009 000.191755 000.254091 000.021984 000.297782 -00.083309 -00.151079 
