indiv000 000.253784 000.076099 -00.013965 000.220953 000.169618 000.265581 
indiv001 000.094582 000.065722 000.024172 000.236806 000.317295 000.261423 
indiv002 -00.070713 000.026932 000.066017 000.333633 -00.392845 000.109861 
indiv003 000.248527 000.097535 000.065509 -00.024940 -00.159979 000.403510 
indiv004 000.342114 000.108408 -00.005415 000.315552 000.222328 -00.006182 
indiv005 -00.037139 000.063049 000.013280 000.527763 -00.257866 -00.100903 
indiv006 000.071001 000.077418 000.010524 000.446682 000.307779 000.086596 
indiv007 -00.136767 000.005300 000.023488 000.468588 -00.191798 -00.174059 
indiv008 000.114479 000.007052 000.051119 000.739790 -00.057150 -00.030410 
indiv009 000.164110 000.104532 000.009898 000.386658 000.283738 000.051064 
