indiv000 000.653023 000.100833 000.035005 000.088037 000.074585 000.048517 
indiv001 000.529300 000.165199 -00.011794 000.173672 -00.068118 000.051917 
indiv002 000.513847 -00.042133 000.013192 000.172946 000.155499 -00.102383 
indiv003 000.121780 000.148305 000.044508 000.072597 000.528776 -00.084034 
indiv004 000.423956 000.055478 000.025429 000.138532 000.342376 -00.014229 
indiv005 000.304839 000.252256 -00.014306 000.124146 000.205421 -00.099032 
indiv006 000.249984 000.200838 000.023071 000.119843 000.346985 000.059279 
indiv007 000.191657 000.244494 000.009108 000.064892 -00.481637 -00.008213 
indiv008 000.687800 000.062572 -00.014635 000.173378 000.038870 -00.022745 
indiv009 000.195156 000.092932 000.004708 000.149283 -00.412305 000.145616 
