indiv000 000.066094 000.126835 000.008591 -00.076773 000.676470 -00.045237 
indiv001 000.248314 -00.026687 000.002037 000.524254 000.174898 000.023809 
indiv002 000.290039 000.297335 000.008088 000.151666 000.170177 -00.082695 
indiv003 000.221387 000.043973 000.027946 -00.025371 -00.672213 -00.009110 
indiv004 000.261494 000.103073 000.027688 000.069306 000.507321 000.031118 
indiv005 000.189981 000.323376 000.014484 -00.195167 000.213019 -00.063972 
indiv006 -00.023449 -00.152244 000.041924 000.586314 -00.038404 -00.157666 
indiv007 000.120488 000.033781 000.016929 000.151383 -00.666710 -00.010709 
indiv008 000.294784 000.219602 000.006934 -00.065746 -00.342528 -00.070406 
indiv009 000.109250 000.101508 000.010054 000.247592 -00.487423 000.044172 
