indiv000 000.207380 000.462181 000.051697 -00.148483 000.106632 -00.023627 
indiv001 000.304156 000.378637 000.000224 000.181445 000.040140 000.095397 
indiv002 000.105671 000.480422 000.039253 -00.182801 000.084873 -00.106980 
indiv003 000.063497 -00.111657 000.021173 000.549508 000.244782 -00.009383 
indiv004 000.147252 000.193037 000.096538 000.477851 000.081882 000.003441 
indiv005 000.033090 000.325169 000.125931 000.235585 000.140822 -00.139402 
indiv006 000.221605 000.122422 000.075163 000.308906 000.102276 000.169627 
indiv007 000.146242 000.585104 000.091864 000.051455 -00.012175 000.113160 
indiv008 000.205394 000.361817 000.000766 000.058132 000.138483 000.235408 
indiv009 000.329447 000.248003 -00.025430 000.217812 000.090670 000.088638 
