indiv000 000.169338 000.295659 000.031010 -00.270639 000.220547 -00.012806 
indiv001 000.061779 000.474024 000.019753 -00.019946 000.399391 000.025108 
indiv002 000.326115 000.313364 000.045996 -00.020774 -00.200771 -00.092981 
indiv003 000.091781 000.238149 000.017606 000.271680 000.265869 -00.114915 
indiv004 000.038047 000.298649 000.016686 000.470953 -00.102338 -00.073327 
indiv005 000.188854 000.166493 000.046317 000.050769 000.472284 000.075284 
indiv006 000.227933 000.195711 000.022062 -00.180620 000.264864 -00.108809 
indiv007 000.243068 000.043736 000.030681 000.327876 -00.347115 -00.007524 
indiv008 000.138959 000.157682 000.004697 -00.107639 -00.423915 -00.167108 
indiv009 000.220681 000.277719 000.032745 -00.140830 000.094740 -00.233286 
