indiv000 000.152011 000.035187 -00.008364 000.132346 -00.521181 000.150911 
indiv001 000.095189 000.053528 000.028910 000.201016 -00.282247 -00.339111 
indiv002 -00.098178 -00.017634 000.028205 000.227926 -00.459657 -00.168401 
indiv003 000.161865 000.061312 000.014026 000.137102 -00.607645 000.018049 
indiv004 -00.088598 000.003293 000.029758 000.343222 -00.450118 -00.085011 
indiv005 000.229557 000.068898 000.023793 -00.209467 -00.389026 000.079259 
indiv006 000.223308 000.060635 000.008243 -00.030022 -00.463167 000.214625 
indiv007 -00.106832 000.004140 -00.023775 000.448817 -00.166823 -00.249613 
indiv008 000.028757 000.002960 -00.017975 000.307780 -00.537456 -00.105072 
indiv009 000.020354 000.085683 000.011376 000.496980 -00.247681 -00.137926 
