indiv000 000.127643 000.058891 000.021986 000.344624 000.225324 -00.221533 
indiv001 000.012857 000.348952 000.037186 000.164534 000.333644 -00.102826 
indiv002 -00.117526 000.494332 000.017267 000.324009 000.025900 -00.020966 
indiv003 000.118076 000.120629 000.078112 000.416998 000.241016 -00.025168 
indiv004 -00.069508 000.269797 000.074267 000.346725 000.050823 -00.188880 
indiv005 000.338950 000.279260 000.046755 -00.040811 000.259347 000.034877 
indiv006 000.144775 000.240835 000.072263 000.058783 000.393580 -00.089764 
indiv007 -00.025954 000.344330 -00.075797 000.481539 -00.016424 -00.055956 
indiv008 -00.139265 000.397022 000.093959 000.075130 000.082182 -00.212442 
indiv009 000.135692 000.427455 000.070120 000.178026 000.118418 000.070290 
