indiv000 000.209908 000.119627 000.053226 000.208698 -00.199548 -00.208993 
indiv001 -00.011232 000.233001 000.051432 000.253813 -00.411409 000.039113 
indiv002 000.281518 000.142923 000.038102 000.288295 -00.179459 -00.069704 
indiv003 000.335104 000.069929 000.035968 000.306267 -00.220301 000.032430 
indiv004 000.302452 000.103401 000.065224 000.232017 -00.145644 000.151263 
indiv005 000.271271 000.256122 -00.029075 000.140608 -00.233671 -00.069253 
indiv006 000.151853 000.093926 000.070724 000.357050 -00.294944 000.031503 
indiv007 000.071060 000.189445 000.055433 000.242193 -00.312433 000.129436 
indiv008 000.049329 000.167948 000.036660 000.182356 -00.304272 000.259435 
indiv009 000.244227 000.108428 000.133567 000.162171 -00.161227 000.190379 
