indiv000 000.165266 000.302266 000.031692 000.030810 000.397376 -00.072590 
indiv001 000.406788 000.157463 000.049436 000.112406 -00.136891 -00.137017 
indiv002 000.355818 000.088995 -00.002357 000.022104 -00.484729 000.045997 
indiv003 000.205296 000.216547 000.021664 000.076535 000.421221 -00.058737 
indiv004 000.250819 000.249173 000.033503 000.182707 000.097833 -00.185964 
indiv005 000.338952 000.170641 000.039873 000.105633 000.180754 -00.164147 
indiv006 000.141469 000.245141 000.014883 000.233814 000.346683 000.018010 
indiv007 000.098110 000.213854 000.024802 000.110492 -00.314794 000.237948 
indiv008 000.328406 000.002717 -00.010275 000.056272 -00.410531 -00.191799 
indiv009 000.360947 000.239329 000.027431 000.065625 -00.158189 -00.148479 
