indiv000 000.209908 000.119627 000.053226 000.208698 -00.199548 -00.208993 
indiv001 000.230962 000.259200 000.134975 000.167783 -00.179044 000.028036 
indiv002 000.281518 000.142923 000.038102 000.288295 -00.179459 -00.069704 
indiv003 000.335104 000.069929 000.035968 000.306267 -00.220301 000.032430 
indiv004 000.302452 000.103401 000.065224 000.232017 -00.145644 000.151263 
indiv005 000.287210 000.157765 000.025790 000.093298 -00.246662 000.189276 
indiv006 000.151853 000.093926 000.070724 000.357050 -00.294944 000.031503 
indiv007 000.147307 000.234448 000.070861 000.079949 -00.307252 000.160184 
indiv008 000.158142 000.169903 000.056003 000.192945 -00.160553 000.262454 
indiv009 000.244227 000.108428 000.133567 000.162171 -00.161227 000.190379 
