indiv000 000.373505 000.245774 000.013994 000.032338 000.267588 -00.066801 
indiv001 000.090797 000.133217 000.040424 000.398727 -00.212780 -00.124056 
indiv002 000.187252 000.243710 000.020445 -00.212971 000.006554 000.329068 
indiv003 000.052930 000.319758 000.087023 000.258331 000.263515 000.018443 
indiv004 000.255705 000.156277 000.018053 000.307082 000.095599 -00.167284 
indiv005 000.338950 000.279260 000.046755 -00.040811 000.259347 000.034877 
indiv006 000.127626 000.212307 000.063703 000.302280 000.005144 -00.288940 
indiv007 -00.090707 000.096827 000.106715 000.421604 -00.246893 -00.037254 
indiv008 000.223833 -00.013612 000.023764 000.400477 -00.213714 -00.124601 
indiv009 000.300553 000.346910 000.053786 000.121407 000.129410 000.047935 
