indiv000 -00.048586 000.170038 000.067773 000.134031 000.345569 000.234003 
indiv001 000.284509 000.393978 000.045988 000.000896 -00.164351 000.110277 
indiv002 000.235355 000.145982 000.024441 -00.302516 -00.130338 000.161368 
indiv003 -00.183822 000.436330 000.036692 000.144143 000.167835 000.031177 
indiv004 000.272741 000.358128 000.042376 000.176609 000.132830 -00.017316 
indiv005 000.309427 000.104614 000.027049 000.104544 -00.421498 000.032868 
indiv006 000.353604 -00.150416 000.153807 000.270878 -00.068501 -00.002795 
indiv007 -00.046079 000.160364 000.074449 -00.314518 -00.229633 000.174957 
indiv008 -00.312627 000.358819 000.019645 -00.088560 000.109511 -00.110838 
indiv009 000.131395 000.182016 000.088438 000.200823 -00.188357 -00.208971 
