indiv000 000.241296 -00.039992 000.025235 000.185973 000.472528 000.034976 
indiv001 000.199298 000.218770 000.039755 000.097891 -00.440893 000.003395 
indiv002 000.364066 000.373879 -00.000854 000.070674 000.139784 -00.050744 
indiv003 000.150565 000.051844 -00.006146 000.089756 000.653762 -00.047927 
indiv004 000.092130 000.108257 000.024380 000.205863 000.505998 000.063372 
indiv005 000.316363 000.276739 000.014345 000.098847 000.259073 -00.034633 
indiv006 000.173559 000.278279 000.010148 -00.079791 000.376087 000.082136 
indiv007 000.302343 000.178775 000.001350 000.262740 000.122403 -00.132389 
indiv008 000.204912 000.253066 -00.011547 000.063242 -00.461379 000.005854 
indiv009 000.087237 000.191979 000.022004 000.052641 -00.627011 -00.019127 
