indiv000 000.478641 000.073907 000.013778 000.064528 000.133049 000.236098 
indiv001 000.149401 000.280746 000.084453 000.090612 000.332467 -00.062322 
indiv002 000.199780 000.284597 000.013188 000.172895 000.227188 -00.102352 
indiv003 000.121780 000.148305 000.044508 000.072597 000.528776 -00.084034 
indiv004 000.351892 000.173257 000.044297 000.114984 000.284178 -00.031392 
indiv005 000.165094 000.303997 000.047671 000.091621 000.264232 -00.127385 
indiv006 000.210718 000.060813 000.040596 000.145079 -00.336655 000.206139 
indiv007 000.547336 000.055861 000.033560 000.127230 -00.065234 000.170779 
indiv008 000.128978 000.257574 000.015059 000.083354 000.500843 -00.014192 
indiv009 000.156776 000.074656 000.048806 000.105788 -00.331219 -00.282755 
