indiv000 000.268141 000.193413 -00.029842 000.100121 000.077096 000.331386 
indiv001 -00.075728 000.318606 000.001454 -00.455821 000.071526 000.076865 
indiv002 000.299541 -00.041328 000.022049 000.136044 000.160570 000.340468 
indiv003 000.063497 -00.111657 000.021173 000.549508 000.244782 -00.009383 
indiv004 000.065878 000.273033 000.028840 000.318278 000.160610 -00.153361 
indiv005 000.147417 000.136590 000.003558 000.597092 000.051068 000.064275 
indiv006 000.095952 000.198228 000.066126 000.338499 000.136379 000.164816 
indiv007 -00.138848 000.401756 000.023605 -00.149556 000.242161 -00.044073 
indiv008 000.211718 000.249817 000.017395 000.411303 000.034358 -00.075410 
indiv009 000.502401 -00.094249 000.032515 -00.055143 000.192247 -00.123445 
