indiv000 000.189257 000.304218 000.024189 -00.135507 000.269786 -00.077044 
indiv001 000.304156 000.378637 000.000224 000.181445 000.040140 000.095397 
indiv002 -00.039630 000.001072 000.056453 000.402731 000.346258 -00.153856 
indiv003 000.063497 -00.111657 000.021173 000.549508 000.244782 -00.009383 
indiv004 000.147252 000.193037 000.096538 000.477851 000.081882 000.003441 
indiv005 000.033090 000.325169 000.125931 000.235585 000.140822 -00.139402 
indiv006 000.433049 000.239231 -00.016910 -00.155772 000.132979 000.022058 
indiv007 000.272910 000.413284 -00.004681 000.096024 000.192328 000.020774 
indiv008 000.229609 000.054589 000.006989 000.373423 000.261540 000.073850 
indiv009 000.359562 000.149883 000.049583 000.295863 000.024709 000.120400 
