indiv000 000.264991 000.237220 000.027299 -00.183438 000.197002 -00.090049 
indiv001 000.648885 000.066795 000.033276 -00.079400 -00.157421 000.014224 
indiv002 000.141729 000.119241 -00.011242 -00.268876 -00.386928 000.071985 
indiv003 000.164078 000.195100 000.033106 000.207420 000.388756 000.011540 
indiv004 000.399606 000.291056 000.062423 -00.045260 -00.108261 -00.093394 
indiv005 -00.156702 000.084008 -00.008969 -00.495287 -00.221545 000.033489 
indiv006 000.303975 000.204161 000.066158 000.108708 -00.295778 -00.021220 
indiv007 000.138871 000.078363 000.027993 -00.061695 -00.613622 000.079456 
indiv008 000.454760 000.226934 -00.016066 000.219895 -00.048148 -00.034197 
indiv009 000.259085 000.164426 000.015358 -00.114664 000.395074 -00.051393 
