indiv000 000.252658 000.061372 000.011441 000.053584 000.582186 -00.038759 
indiv001 000.187416 000.332985 000.074784 000.086466 -00.287521 -00.030828 
indiv002 000.037191 -00.008040 000.060414 -00.110078 000.515419 -00.268858 
indiv003 000.224626 000.219554 000.081156 -00.029729 -00.377284 000.067652 
indiv004 000.210340 000.123616 000.060778 000.003649 000.573864 -00.027752 
indiv005 000.157455 000.150486 000.039376 000.143054 000.136733 -00.372897 
indiv006 000.189943 000.300862 000.070667 -00.042198 -00.238399 -00.157932 
indiv007 000.080670 000.195924 000.023333 000.113862 -00.547941 -00.038269 
indiv008 000.175353 000.099501 000.000862 000.113110 -00.439939 -00.171235 
indiv009 000.202688 000.111907 000.035468 000.074335 000.475193 -00.100408 
