indiv000 000.653023 000.100833 000.035005 000.088037 000.074585 000.048517 
indiv001 000.217929 000.207520 000.026845 -00.067313 000.415175 000.065217 
indiv002 000.219894 000.156058 000.019139 000.117313 000.371259 -00.116337 
indiv003 000.142584 000.049096 -00.005820 000.084999 000.619110 -00.098390 
indiv004 000.423956 000.055478 000.025429 000.138532 000.342376 -00.014229 
indiv005 000.316363 000.276739 000.014345 000.098847 000.259073 -00.034633 
indiv006 000.249984 000.200838 000.023071 000.119843 000.346985 000.059279 
indiv007 000.191657 000.244494 000.009108 000.064892 -00.481637 -00.008213 
indiv008 000.568430 000.042846 -00.010021 000.236630 000.026616 -00.115457 
indiv009 000.247225 000.128030 000.005964 000.035106 -00.570906 000.012769 
