indiv000 -00.076267 000.266713 000.048624 000.181151 000.289543 000.137701 
indiv001 -00.011220 000.295442 000.025491 -00.195332 000.332957 -00.139557 
indiv002 000.311208 000.270439 000.015181 000.078206 -00.179895 -00.145072 
indiv003 -00.251162 000.212999 000.016181 000.156367 000.312168 000.051122 
indiv004 -00.002202 000.175943 000.005583 000.175520 000.360969 000.279782 
indiv005 000.337738 000.166846 000.014555 -00.147225 -00.217754 000.115882 
indiv006 000.032657 000.183591 000.044133 000.142899 -00.459171 000.137549 
indiv007 000.337684 000.256520 000.041775 000.026372 000.291529 -00.046120 
indiv008 000.263832 000.257032 000.057195 000.060524 -00.315115 -00.046302 
indiv009 000.209936 000.228130 000.017095 000.085401 000.371482 000.087956 
