indiv000 -00.028074 -00.022348 000.124535 000.403356 000.013068 000.408619 
indiv001 -00.031307 000.056870 000.095906 000.370662 -00.156462 -00.288794 
indiv002 000.155057 000.127268 000.101570 000.284246 -00.225546 000.106313 
indiv003 -00.175878 -00.011180 000.022548 000.416765 -00.075275 000.298354 
indiv004 000.084531 000.091232 000.063314 000.341802 -00.162548 000.256573 
indiv005 000.039974 000.126946 000.153286 000.325608 000.314302 000.039885 
indiv006 000.142263 000.095314 000.091783 000.285716 -00.138387 -00.246538 
indiv007 000.167666 000.114822 000.068024 000.260913 -00.264813 000.123762 
indiv008 000.125303 000.054186 000.101196 000.307998 -00.091615 000.319701 
indiv009 000.252789 000.146940 000.017349 000.157968 000.203997 000.220958 
