indiv000 000.128907 -00.015676 000.015450 000.112231 -00.599762 000.127975 
indiv001 -00.136346 -00.014178 000.014326 000.237733 -00.583289 -00.014127 
indiv002 -00.118416 -00.021269 000.088509 000.274912 -00.293777 -00.203117 
indiv003 000.352141 000.047937 -00.003527 000.107194 -00.475089 000.014112 
indiv004 000.162019 000.001939 -00.008334 000.202046 -00.360036 000.265627 
indiv005 000.273171 000.112588 000.043870 000.117501 -00.307819 000.145051 
indiv006 000.280537 000.114440 000.072258 000.036044 -00.227094 000.269628 
indiv007 000.183900 000.002197 000.042161 000.238187 -00.411300 000.122255 
indiv008 000.201933 000.115588 000.058155 000.263490 -00.326729 -00.034105 
indiv009 000.302783 -00.009345 -00.028973 000.118603 -00.204594 000.335702 
