indiv000 000.252658 000.061372 000.011441 000.053584 000.582186 -00.038759 
indiv001 000.266625 000.169802 000.073263 000.101060 -00.351556 -00.037694 
indiv002 000.066067 000.103693 000.027258 -00.039779 000.674891 -00.088312 
indiv003 000.048146 000.197742 000.092173 000.110173 -00.458913 000.092853 
indiv004 000.371798 000.193768 000.076888 000.004617 000.317821 -00.035108 
indiv005 000.252908 000.307525 000.110021 000.041401 000.253649 -00.034495 
indiv006 000.189622 000.173621 000.029625 000.105873 -00.245677 -00.255583 
indiv007 000.173761 000.334591 000.083140 -00.017312 -00.241021 -00.150175 
indiv008 000.134227 000.101066 000.021326 -00.017163 000.619016 -00.107201 
indiv009 000.269973 000.269815 000.034449 -00.002959 000.306262 -00.116542 
