indiv000 000.252658 000.061372 000.011441 000.053584 000.582186 -00.038759 
indiv001 000.187416 000.332985 000.074784 000.086466 -00.287521 -00.030828 
indiv002 000.039998 000.272438 000.088802 -00.083178 000.408591 000.106992 
indiv003 000.205981 000.253935 000.061582 000.109862 -00.306605 000.062036 
indiv004 000.371798 000.193768 000.076888 000.004617 000.317821 -00.035108 
indiv005 000.222988 000.213118 000.021444 000.202593 000.193641 -00.146216 
indiv006 000.158557 000.200901 000.010203 -00.050319 -00.284279 -00.295741 
indiv007 000.173761 000.334591 000.083140 -00.017312 -00.241021 -00.150175 
indiv008 000.256168 000.207017 000.074264 -00.092454 000.289228 -00.080869 
indiv009 -00.011272 000.353326 000.118391 000.131809 -00.207159 -00.178043 
