indiv000 -00.021200 000.088418 000.077622 000.304597 -00.199592 000.308571 
indiv001 000.094582 000.065722 000.024172 000.236806 000.317295 000.261423 
indiv002 000.172425 -00.004538 000.113655 000.431352 -00.250809 000.027221 
indiv003 000.182614 000.043041 -00.005651 000.223986 000.130624 000.414084 
indiv004 000.054336 000.121847 000.036389 000.138293 -00.104485 000.544649 
indiv005 -00.050889 -00.028914 000.047125 000.333643 000.291187 -00.248241 
indiv006 000.130642 000.029043 000.024361 000.413088 -00.382297 -00.020568 
indiv007 000.167666 000.114822 000.068024 000.260913 -00.264813 000.123762 
indiv008 000.131052 000.037095 000.069277 000.210849 -00.332867 000.218860 
indiv009 000.252789 000.146940 000.017349 000.157968 000.203997 000.220958 
