indiv000 000.246120 000.235793 000.084245 -00.341294 000.080488 000.012060 
indiv001 000.172757 000.141103 000.022611 000.128675 -00.440159 -00.094696 
indiv002 000.160364 000.162581 000.050180 000.202064 -00.332865 000.091946 
indiv003 000.220570 000.046676 000.041586 000.417605 000.218456 000.055107 
indiv004 000.179890 000.015592 000.043927 000.101831 000.507302 000.151458 
indiv005 000.087644 000.152907 000.028103 000.215710 -00.406314 000.109321 
indiv006 000.297489 000.140266 000.024512 000.243196 000.166471 -00.128066 
indiv007 000.123753 000.038062 000.043326 000.286799 000.479222 000.028838 
indiv008 000.221716 -00.076897 000.073141 -00.284581 -00.139325 -00.204340 
indiv009 000.191755 000.254091 000.021984 000.297782 -00.083309 -00.151079 
