indiv000 000.182868 -00.087928 000.081305 -00.200191 000.112676 -00.335031 
indiv001 000.343601 000.247613 000.025860 000.228493 -00.092420 000.062012 
indiv002 000.155057 000.127268 000.101570 000.284246 -00.225546 000.106313 
indiv003 000.484473 000.247793 000.025862 000.101598 000.118298 000.021975 
indiv004 000.230374 -00.025688 000.061367 000.368160 000.112196 000.202215 
indiv005 000.309427 000.104614 000.027049 000.104544 -00.421498 000.032868 
indiv006 000.224991 000.138067 000.017789 000.371224 -00.147012 000.100917 
indiv007 000.039394 000.411941 000.097142 -00.062527 -00.378168 000.010828 
indiv008 000.482007 -00.002616 -00.035700 -00.184275 000.283342 000.012061 
indiv009 000.181953 000.109662 000.019355 000.120993 000.442134 -00.125902 
