indiv000 000.169594 000.183727 000.100154 000.193494 000.250122 000.102910 
indiv001 -00.022441 000.276276 000.034546 -00.250539 000.196226 000.219972 
indiv002 000.271137 000.176361 000.026907 000.045077 000.377818 000.102701 
indiv003 -00.123186 000.126428 -00.065731 000.278657 000.397954 -00.008044 
indiv004 000.184290 000.147411 000.070197 000.184950 000.298592 000.114561 
indiv005 000.051792 000.335141 000.181197 -00.009119 000.258245 000.164506 
indiv006 -00.044834 000.308659 000.229299 -00.082996 000.140319 000.193893 
indiv007 000.507737 000.196693 -00.021887 000.160474 000.089371 -00.023838 
indiv008 000.264769 000.265406 000.065205 000.077622 000.266349 000.060650 
indiv009 000.453462 000.193852 000.007878 000.047314 000.226990 000.070503 
