indiv000 000.295617 -00.098634 000.196662 000.057951 000.210123 000.141013 
indiv001 000.147931 000.024264 000.149095 000.120162 000.355491 000.203056 
indiv002 000.390708 000.133573 000.305344 000.069900 -00.013656 000.086819 
indiv003 000.051632 000.135636 000.232691 000.073705 000.238861 000.267475 
indiv004 000.302802 000.007502 000.197631 000.154054 000.170502 000.167508 
indiv005 000.167450 000.227790 000.218064 000.309442 -00.022841 000.054413 
indiv006 000.042712 000.135649 000.077773 000.083698 000.461020 000.199150 
indiv007 000.295735 000.115862 000.279013 000.022288 000.178951 000.108151 
indiv008 000.142340 000.214896 000.145571 000.166366 000.203607 000.127220 
indiv009 000.060118 000.327662 000.141761 000.263711 000.079881 000.126867 
