indiv000 -00.088159 000.498329 000.018708 000.154035 000.191729 000.049040 
indiv001 000.177377 000.290795 000.030988 000.137113 000.278038 -00.085689 
indiv002 000.343391 -00.011370 000.008160 000.284358 000.301959 -00.050761 
indiv003 -00.107378 000.395856 000.068253 -00.026961 000.259262 -00.142290 
indiv004 -00.136380 000.097854 000.045120 000.117002 000.460548 -00.143097 
indiv005 000.066805 000.458830 000.092231 000.121603 000.248367 000.012165 
indiv006 000.309654 000.270474 000.053054 000.111415 000.181868 -00.073533 
indiv007 000.335522 -00.128357 000.053301 000.268420 000.185114 -00.029285 
indiv008 -00.232136 000.396696 000.124566 -00.011706 000.177477 -00.057420 
indiv009 000.138466 000.466551 000.000790 000.099213 000.245178 000.049802 
