indiv000 000.346583 000.141591 000.014488 000.229886 -00.219807 000.047644 
indiv001 000.162598 000.195719 000.053704 000.148464 -00.428028 -00.011488 
indiv002 000.239732 000.140995 000.016194 000.319574 -00.207455 -00.076050 
indiv003 000.230176 000.082898 000.048780 000.336132 -00.102689 000.199326 
indiv004 000.136602 000.115003 000.077020 000.147295 -00.288538 000.235542 
indiv005 000.325856 000.088591 000.032040 000.234016 -00.302892 000.016606 
indiv006 000.259514 000.146854 000.035936 000.204265 -00.228088 000.125343 
indiv007 000.135539 000.126079 000.075369 000.304686 -00.310836 -00.047491 
indiv008 000.251397 000.123836 -00.002683 000.079695 -00.350044 000.192344 
indiv009 000.273167 000.113455 000.019732 000.288542 -00.166486 000.138618 
