indiv000 000.327738 000.060252 -00.004780 000.398122 000.104497 -00.104612 
indiv001 000.376882 000.242133 000.031957 000.266339 000.050384 -00.032305 
indiv002 000.287312 000.138355 000.033062 000.294229 -00.175902 -00.071139 
indiv003 000.327229 000.151433 000.021067 000.116013 -00.313016 000.071242 
indiv004 000.170590 000.276193 000.023842 -00.097434 -00.304709 000.127232 
indiv005 000.165076 000.041811 000.080394 000.095721 -00.508210 000.108788 
indiv006 000.289734 000.223221 000.013607 000.182519 -00.226261 000.064658 
indiv007 000.313921 000.046814 -00.014918 000.454237 -00.110388 -00.059722 
indiv008 000.503157 000.251086 -00.017776 000.112828 -00.053272 000.061880 
indiv009 000.249019 -00.075940 000.047672 000.472171 -00.148270 -00.006929 
