indiv000 000.037369 000.065982 000.043395 000.487895 000.142821 000.222538 
indiv001 -00.155228 000.340268 000.095247 000.234265 000.051825 000.123168 
indiv002 -00.190755 -00.139686 000.059056 000.421299 000.178757 000.010448 
indiv003 000.366296 -00.064211 000.024852 000.311232 000.021763 000.211645 
indiv004 000.147252 000.193037 000.096538 000.477851 000.081882 000.003441 
indiv005 000.033090 000.325169 000.125931 000.235585 000.140822 -00.139402 
indiv006 000.433049 000.239231 -00.016910 -00.155772 000.132979 000.022058 
indiv007 000.060120 000.459485 000.204819 -00.038652 000.213828 000.023097 
indiv008 000.229609 000.054589 000.006989 000.373423 000.261540 000.073850 
indiv009 -00.049800 -00.031694 000.096844 000.577872 -00.008628 000.235163 
