indiv000 -00.244870 000.186070 000.191246 000.195962 000.077631 000.104222 
indiv001 -00.025953 000.112544 -00.064397 000.405281 000.251357 000.140468 
indiv002 000.296905 000.393863 -00.015652 000.129952 000.089904 -00.073725 
indiv003 000.386247 000.265538 000.037946 -00.087688 -00.172354 000.050228 
indiv004 000.184290 000.147411 000.070197 000.184950 000.298592 000.114561 
indiv005 -00.107466 000.458410 -00.037317 -00.010439 000.198042 000.188326 
indiv006 000.242869 000.312703 -00.040312 000.115182 000.201824 000.087111 
indiv007 000.434218 000.236328 -00.026298 000.182027 000.075743 -00.045386 
indiv008 000.192427 000.264020 000.064865 -00.153396 000.264958 000.060333 
indiv009 000.575717 000.184968 000.048492 -00.088500 000.021463 -00.080860 
