indiv000 000.224463 000.164168 000.003223 -00.358740 -00.232430 -00.016975 
indiv001 000.352948 -00.026052 000.020785 000.406236 000.170736 000.023242 
indiv002 000.290039 000.297335 000.008088 000.151666 000.170177 -00.082695 
indiv003 000.201656 000.040054 000.020266 -00.023110 -00.612302 000.102612 
indiv004 000.261494 000.103073 000.027688 000.069306 000.507321 000.031118 
indiv005 000.090791 000.219460 000.009830 -00.525244 000.123508 000.031168 
indiv006 -00.023449 -00.152244 000.041924 000.586314 -00.038404 -00.157666 
indiv007 000.204101 000.223680 000.011865 -00.480955 000.071892 -00.007506 
indiv008 000.233882 000.174233 000.010637 -00.508505 000.016884 -00.055860 
indiv009 000.241262 000.032726 000.020994 -00.153964 -00.380526 -00.170527 
