indiv000 000.360294 000.130785 000.001509 000.100308 000.052132 000.354973 
indiv001 -00.097882 000.228257 000.042447 000.269593 000.161305 -00.200517 
indiv002 000.186019 000.103546 000.013692 000.535405 000.099716 -00.061622 
indiv003 000.239203 000.187164 -00.000298 -00.118700 000.159365 -00.295269 
indiv004 000.395598 000.208002 000.021971 000.135242 000.122356 -00.116833 
indiv005 -00.270267 000.206490 000.010645 000.121590 000.085999 -00.305009 
indiv006 000.393557 -00.071449 000.034674 000.342383 000.071512 000.086424 
indiv007 -00.227468 000.290605 000.120288 -00.051323 000.264930 000.045385 
indiv008 000.609193 000.029848 000.002555 000.177718 -00.056029 000.124656 
indiv009 000.153138 -00.067283 000.048899 -00.139350 000.040141 000.551190 
