indiv000 000.102049 -00.043152 000.013264 000.330932 -00.479370 -00.031233 
indiv001 000.248314 -00.026687 000.002037 000.524254 000.174898 000.023809 
indiv002 000.365873 -00.010537 -00.062042 000.008229 000.459156 -00.094163 
indiv003 000.217320 000.281337 000.071923 000.031752 -00.307394 000.090272 
indiv004 000.238899 -00.014983 000.044056 000.186375 -00.359582 000.156106 
indiv005 000.204574 000.052439 000.015596 -00.452804 000.229382 -00.045205 
indiv006 000.251615 000.266528 -00.041831 -00.276810 000.126952 -00.036264 
indiv007 000.374951 000.011833 000.020040 -00.318278 000.259203 -00.015695 
indiv008 000.215585 000.176708 000.017507 -00.101490 -00.474238 000.014472 
indiv009 000.311375 000.234669 000.016140 000.218621 000.148290 000.070905 
