indiv000 -00.021200 000.088418 000.077622 000.304597 -00.199592 000.308571 
indiv001 000.094582 000.065722 000.024172 000.236806 000.317295 000.261423 
indiv002 000.201137 000.072480 000.077349 000.076451 -00.355145 000.217439 
indiv003 000.215380 000.070942 -00.004107 000.162811 -00.245772 000.300988 
indiv004 000.355088 000.215388 -00.004997 000.054504 000.205161 -00.164862 
indiv005 -00.043444 000.285252 000.040230 000.284831 000.134320 -00.211923 
indiv006 000.130642 000.029043 000.024361 000.413088 -00.382297 -00.020568 
indiv007 000.167666 000.114822 000.068024 000.260913 -00.264813 000.123762 
indiv008 000.107442 000.071193 000.056796 000.463128 -00.272899 -00.028541 
indiv009 000.281609 000.112672 000.017090 000.155610 -00.215358 000.217661 
