indiv000 000.209908 000.119627 000.053226 000.208698 -00.199548 -00.208993 
indiv001 000.202585 000.103948 000.133897 000.400470 -00.131288 000.027812 
indiv002 000.281518 000.142923 000.038102 000.288295 -00.179459 -00.069704 
indiv003 000.327976 000.091171 000.034761 000.299204 -00.214974 000.031913 
indiv004 000.302452 000.103401 000.065224 000.232017 -00.145644 000.151263 
indiv005 000.287210 000.157765 000.025790 000.093298 -00.246662 000.189276 
indiv006 000.151853 000.093926 000.070724 000.357050 -00.294944 000.031503 
indiv007 000.140152 000.223061 000.066975 000.076065 -00.309102 000.184644 
indiv008 000.300645 000.033798 000.020842 000.360259 -00.059829 000.224627 
indiv009 000.244227 000.108428 000.133567 000.162171 -00.161227 000.190379 
