indiv000 000.302501 000.356977 000.037879 000.094851 -00.195660 -00.012132 
indiv001 000.583373 000.029150 000.039657 -00.250056 -00.090597 -00.007167 
indiv002 000.296905 000.393863 -00.015652 000.129952 000.089904 -00.073725 
indiv003 000.396362 000.036582 000.026091 000.265327 000.200148 000.075491 
indiv004 000.422067 -00.000876 000.026040 000.168530 000.272083 -00.110404 
indiv005 000.256829 000.245272 000.066591 -00.300944 000.084687 -00.045677 
indiv006 000.205149 000.292578 000.010664 000.107769 000.302335 000.081505 
indiv007 000.246202 000.173006 000.119014 000.146804 -00.280941 -00.034033 
indiv008 000.192427 000.264020 000.064865 -00.153396 000.264958 000.060333 
indiv009 000.207691 000.231555 000.110889 000.278293 000.071350 -00.100221 
