indiv000 000.165266 000.302266 000.031692 000.030810 000.397376 -00.072590 
indiv001 000.406788 000.157463 000.049436 000.112406 -00.136891 -00.137017 
indiv002 000.250165 000.211998 -00.001657 000.163042 -00.340798 000.032339 
indiv003 000.205296 000.216547 000.021664 000.076535 000.421221 -00.058737 
indiv004 000.252920 000.251260 000.065575 000.285547 000.098653 000.046045 
indiv005 000.338952 000.170641 000.039873 000.105633 000.180754 -00.164147 
indiv006 000.141469 000.245141 000.014883 000.233814 000.346683 000.018010 
indiv007 000.107931 000.065833 000.007189 -00.161421 -00.395859 000.261767 
indiv008 000.204912 000.253066 -00.011547 000.063242 -00.461379 000.005854 
indiv009 000.360947 000.239329 000.027431 000.065625 -00.158189 -00.148479 
