indiv000 000.264991 000.237220 000.027299 -00.183438 000.197002 -00.090049 
indiv001 000.280580 000.068202 000.009001 -00.081072 -00.502537 -00.058608 
indiv002 000.201125 000.169213 -00.009190 -00.029378 -00.549083 -00.042011 
indiv003 000.164078 000.195100 000.033106 000.207420 000.388756 000.011540 
indiv004 000.399606 000.291056 000.062423 -00.045260 -00.108261 -00.093394 
indiv005 000.582936 000.093367 -00.009969 000.030282 -00.246227 000.037220 
indiv006 000.303975 000.204161 000.066158 000.108708 -00.295778 -00.021220 
indiv007 000.138871 000.078363 000.027993 -00.061695 -00.613622 000.079456 
indiv008 000.454760 000.226934 -00.016066 000.219895 -00.048148 -00.034197 
indiv009 000.224356 000.159532 000.022212 -00.211155 -00.381269 000.001476 
