indiv000 000.165266 000.302266 000.031692 000.030810 000.397376 -00.072590 
indiv001 000.222168 000.147272 000.037555 000.075675 -00.413965 -00.103365 
indiv002 000.139119 000.024517 000.026287 000.004375 000.767334 000.038368 
indiv003 000.205296 000.216547 000.021664 000.076535 000.421221 -00.058737 
indiv004 000.250819 000.249173 000.033503 000.182707 000.097833 -00.185964 
indiv005 000.338952 000.170641 000.039873 000.105633 000.180754 -00.164147 
indiv006 000.149159 000.257148 000.025747 000.140073 000.377122 000.050752 
indiv007 000.151339 000.156963 000.018204 000.081098 -00.281165 -00.311232 
indiv008 000.084293 000.012079 000.013954 000.163646 -00.494840 -00.231188 
indiv009 000.122979 000.264570 000.027872 000.459422 000.116789 -00.008367 
