indiv000 000.246120 000.235793 000.084245 -00.341294 000.080488 000.012060 
indiv001 000.198737 000.303432 000.050686 000.326866 -00.011343 -00.108936 
indiv002 000.160364 000.162581 000.050180 000.202064 -00.332865 000.091946 
indiv003 000.220570 000.046676 000.041586 000.417605 000.218456 000.055107 
indiv004 000.128728 000.068710 000.050298 000.319648 000.363024 000.069592 
indiv005 000.087644 000.152907 000.028103 000.215710 -00.406314 000.109321 
indiv006 000.297489 000.140266 000.024512 000.243196 000.166471 -00.128066 
indiv007 000.194665 000.042501 000.044199 000.428317 -00.258116 000.032201 
indiv008 000.215593 -00.074773 000.071121 000.342148 -00.135478 -00.160888 
indiv009 000.191755 000.254091 000.021984 000.297782 -00.083309 -00.151079 
