indiv000 000.355622 000.167376 -00.016482 -00.159264 -00.227284 000.073972 
indiv001 000.177377 000.290795 000.030988 000.137113 000.278038 -00.085689 
indiv002 000.314961 000.382485 -00.012988 000.090236 000.160201 000.039130 
indiv003 000.395977 -00.076906 -00.027249 -00.076348 000.208521 000.214999 
indiv004 -00.139193 000.485220 000.030381 000.128653 000.132173 -00.084381 
indiv005 000.581972 000.061014 -00.011427 -00.028412 -00.016720 -00.300455 
indiv006 -00.019360 000.345507 -00.007283 000.097102 000.053881 000.476866 
indiv007 000.328446 000.195018 000.023056 000.243603 000.181210 -00.028668 
indiv008 000.217360 000.173136 000.030184 -00.039272 000.359191 000.180857 
indiv009 -00.153556 000.461924 000.038897 000.104073 000.158655 -00.082895 
