indiv000 -00.028074 -00.022348 000.124535 000.403356 000.013068 000.408619 
indiv001 -00.031307 000.056870 000.095906 000.370662 -00.156462 -00.288794 
indiv002 000.155057 000.127268 000.101570 000.284246 -00.225546 000.106313 
indiv003 -00.029542 -00.097014 000.079983 000.298942 -00.099631 000.394888 
indiv004 000.084531 000.091232 000.063314 000.341802 -00.162548 000.256573 
indiv005 -00.049653 000.134818 000.006878 000.432501 000.333792 000.042358 
indiv006 000.142263 000.095314 000.091783 000.285716 -00.138387 -00.246538 
indiv007 000.167666 000.114822 000.068024 000.260913 -00.264813 000.123762 
indiv008 000.125303 000.054186 000.101196 000.307998 -00.091615 000.319701 
indiv009 000.183022 000.114955 000.020289 000.184745 000.238577 000.258413 
