indiv000 000.254355 -00.043056 -00.010948 000.336511 -00.321757 000.033373 
indiv001 000.233993 000.113108 000.078756 000.213423 -00.314516 -00.046203 
indiv002 000.132146 000.119789 000.008080 000.115944 -00.388279 000.235761 
indiv003 000.077243 000.090484 000.053243 000.237358 -00.300150 -00.241522 
indiv004 000.300248 000.001038 000.001540 000.138851 -00.306674 000.251650 
indiv005 000.245249 000.140162 000.020555 000.068391 -00.479213 000.046429 
indiv006 000.052115 000.209342 000.055144 000.158653 -00.350003 -00.174743 
indiv007 000.446953 000.002389 000.071918 000.093868 -00.359664 000.025208 
indiv008 000.288741 000.142231 000.033486 000.091533 -00.402042 -00.041967 
indiv009 000.186729 000.131913 000.021690 000.148818 -00.343697 000.167154 
