indiv000 -00.032712 000.156516 000.082245 000.109585 -00.585621 000.033321 
indiv001 000.364719 -00.012418 000.021405 -00.078092 -00.348418 000.174948 
indiv002 000.006249 -00.062442 000.076203 000.381938 -00.291561 000.181608 
indiv003 000.059468 -00.064555 000.048890 000.251435 -00.435039 -00.140613 
indiv004 000.162019 000.001939 -00.008334 000.202046 -00.360036 000.265627 
indiv005 -00.215507 000.172494 000.077135 000.180022 -00.221307 000.133535 
indiv006 000.343196 000.102328 000.064610 000.032229 -00.377829 -00.079808 
indiv007 000.183900 000.002197 000.042161 000.238187 -00.411300 000.122255 
indiv008 000.201933 000.115588 000.058155 000.263490 -00.326729 -00.034105 
indiv009 000.247854 -00.087384 000.034355 000.097086 -00.427510 -00.105811 
