indiv000 000.267832 000.096448 -00.011528 000.250244 -00.338806 000.035142 
indiv001 000.364719 -00.012418 000.021405 -00.078092 -00.348418 000.174948 
indiv002 000.006249 -00.062442 000.076203 000.381938 -00.291561 000.181608 
indiv003 000.059468 -00.064555 000.048890 000.251435 -00.435039 -00.140613 
indiv004 000.278651 -00.075448 000.053861 000.128863 -00.229628 000.233548 
indiv005 000.262093 000.146432 000.008518 000.169696 -00.325890 000.087370 
indiv006 -00.171170 000.137271 000.095437 000.267637 -00.270896 -00.057589 
indiv007 000.183900 000.002197 000.042161 000.238187 -00.411300 000.122255 
indiv008 000.201933 000.115588 000.058155 000.263490 -00.326729 -00.034105 
indiv009 000.192508 000.205288 -00.040836 000.068920 -00.475598 000.016849 
