indiv000 000.202711 000.164009 000.038606 -00.150130 000.378319 -00.066224 
indiv001 000.289549 000.147261 000.035033 000.196440 000.198970 000.132747 
indiv002 000.237598 000.244431 000.032592 -00.026088 -00.353966 -00.105324 
indiv003 000.228888 000.242046 000.031714 000.276127 -00.104430 -00.116796 
indiv004 000.263705 000.094293 000.015676 000.203581 000.215536 -00.207209 
indiv005 000.214926 000.153539 000.035877 000.116851 000.331109 -00.147697 
indiv006 000.111646 000.350592 000.006066 000.319660 -00.143790 -00.068246 
indiv007 000.120116 000.181105 000.022642 000.093572 -00.223462 -00.359103 
indiv008 000.170702 000.216698 000.028259 000.331400 -00.010022 -00.242919 
indiv009 000.401493 000.327681 000.032233 -00.138630 000.093259 -00.006704 
