indiv000 000.462952 000.182305 000.049097 -00.140973 000.151397 000.013277 
indiv001 000.407825 000.268604 -00.021569 -00.059669 -00.118301 -00.124032 
indiv002 -00.093059 000.206415 000.091456 000.022494 000.461964 000.124612 
indiv003 000.344895 000.235268 000.024562 000.033797 -00.192134 -00.169344 
indiv004 000.068628 000.179468 000.038491 -00.422565 -00.158131 000.132717 
indiv005 -00.055281 000.118778 000.069905 000.217778 000.383646 000.154612 
indiv006 000.413554 000.127832 000.034956 000.057438 -00.156280 -00.209940 
indiv007 -00.108810 000.084214 000.030083 000.411984 000.282011 000.082897 
indiv008 000.409048 000.204123 000.057913 000.197792 -00.043308 -00.087816 
indiv009 000.264680 000.162873 000.018324 -00.245852 -00.255768 -00.052503 
