indiv000 000.202856 000.023630 000.119798 000.231444 000.299178 000.123094 
indiv001 -00.024877 000.132504 000.131128 000.190136 000.277501 000.243854 
indiv002 000.104015 000.208047 -00.004242 000.053176 000.445699 000.184821 
indiv003 -00.146179 000.150026 000.162269 000.081524 000.384915 000.075087 
indiv004 000.118448 000.152987 000.034786 000.402676 000.275808 000.015295 
indiv005 000.051792 000.335141 000.181197 -00.009119 000.258245 000.164506 
indiv006 -00.081819 000.250160 000.205060 -00.092098 000.155707 000.215156 
indiv007 000.507737 000.196693 -00.021887 000.160474 000.089371 -00.023838 
indiv008 000.264769 000.265406 000.065205 000.077622 000.266349 000.060650 
indiv009 000.453462 000.193852 000.007878 000.047314 000.226990 000.070503 
